{
 "cells": [
  {
   "cell_type": "markdown",
   "id": "61e7ebcc",
   "metadata": {},
   "source": [
    "# Álgebra Linear Computacional - CKP8122 - MDCC - UFC\n",
    "### Francisco Mateus dos Anjos Silva\n",
    "# Método de Householder"
   ]
  },
  {
   "cell_type": "markdown",
   "id": "9e0574d5",
   "metadata": {},
   "source": [
    "Em álgebra linear, uma **transformação de Householder** (também conhecida como uma reflexão de Householder ou refletor elementar) é uma transformação linear que descreve uma reflexão em relação a um plano ou hiperplano que contém a origem. A transformação de Householder foi introduzida em 1958 por Alston Scott Householder. \n",
    "O seu análogo em espaços com produto interno mais gerais é o operador de Householder.\n",
    "\n",
    "**Transformação**\n",
    "\n",
    "O hiperplano de reflexão pode ser definido por um vetor unitário ${\\textstyle v}$ (um vetor de comprimento ${\\textstyle 1}$) que é ortogonal ao plano. A reflexão de um ponto ${\\textstyle x}$ em relação a este hiperplano é a transformação linear:\n",
    "\n",
    "${\\displaystyle x-2\\langle x,v\\rangle v=x-2v\\left(v^{\\textsf {H}}x\\right),}$ em que ${\\textstyle v}$ é dado como um vetor coluna unitário com conjugado transposto ${\\textstyle v^{\\textsf {H}}.}$\n",
    "\n",
    "**Matriz de Householder**\n",
    "\n",
    "A matriz construída a partir dessa transformação pode ser expressa em termos de um produto externo como:\n",
    "\n",
    "${\\displaystyle P=I-2(v\\otimes v)=I-2vv^{\\textsf {H}}}$\n",
    "\n",
    "é conhecida como a matriz de Householder, em que ${\\textstyle I}$ é a matriz de identidade.\n",
    "\n",
    "**Propriedades**\n",
    "\n",
    "A matriz de Householder tem as seguintes propriedades:\n",
    "\n",
    "- é Hermitiana: ${\\textstyle P=P^{\\textsf {H}},}$\n",
    "- é unitária: ${\\textstyle P^{-1}=P^{\\textsf {H}},}$\n",
    "- consequentemente, é involutiva: ${\\textstyle P^{2}=I.}$\n",
    "- Uma matriz de Householder tem autovalores ${\\textstyle \\pm 1.}$ Para ver isto, note que se ${\\textstyle u}$ é ortogonal ao vetor ${\\textstyle v}$ que foi utilizado para criar o refletor, então ${\\textstyle Pu=u,}$ ou seja, ${\\textstyle 1}$ é um autovalor de multiplicidade ${\\textstyle n-1,}$ uma vez que existem ${\\textstyle n-1}$ vetores linearmente independentes ortogonais a ${\\textstyle v.}$ Além disso, observe que ${\\textstyle Pv=-v}$ e assim ${\\textstyle -1}$ é um autovalor com multiplicidade ${\\textstyle 1.}$\n",
    "- O determinante de um refletor de Householder é ${\\textstyle -1,}$ uma vez que o determinante de uma matriz é o produto de seus autovalores e, neste caso, um deles é ${\\textstyle -1}$ e o restante é ${\\textstyle 1}$ (como no ponto anterior).\n",
    "\n",
    "**Referências:**\n",
    "\n",
    "- https://pt.wikipedia.org/wiki/Transforma%C3%A7%C3%A3o_de_Householder#:~:text=Em%20%C3%A1lgebra%20linear%2C%20uma%20transforma%C3%A7%C3%A3o,1958%20por%20Alston%20Scott%20Householder"
   ]
  },
  {
   "cell_type": "code",
   "execution_count": 1,
   "id": "b71aa741",
   "metadata": {},
   "outputs": [],
   "source": [
    "# Implementar o método de Householder e faça o que se pede:\n",
    "\n",
    "# 1) imprima a matriz original (teste matrizes nxn com n > 6,  simétricas e não simétricas);\n",
    "\n",
    "# 2) em cada passo,  imprima a matriz de householder, a matriz modificada pela transformação de similaridade, \n",
    "#    e a matriz de householder acumulada;\n",
    "\n",
    "# 3) no final do loop de execução  imprima: \n",
    "#    -  a matriz de saída (Tridiagonal se a matriz de entrada for simétrica, \n",
    "#       ou Upper-Hessemberg se a matriz de entrada não for simétrica);\n",
    "#    -  a matriz de Householder acumulada (final)."
   ]
  },
  {
   "cell_type": "code",
   "execution_count": 2,
   "id": "2441a297",
   "metadata": {},
   "outputs": [],
   "source": [
    "import numpy as np\n",
    "import math"
   ]
  },
  {
   "cell_type": "code",
   "execution_count": 3,
   "id": "12fc9d52",
   "metadata": {},
   "outputs": [],
   "source": [
    "def mount_householder_matrix(A, j):    \n",
    "    A = A.astype(np.float32)\n",
    "    n_A = len(A)\n",
    "    v = np.zeros(n_A)\n",
    "    w = np.zeros(n_A)\n",
    "    v[j+1:] = A[j+1:,j]\n",
    "    w[j+1] = np.linalg.norm(v)\n",
    "    n = np.array([(v - w) / np.linalg.norm(v - w)])\n",
    "    H = np.identity(n_A) - 2 * (n.T @ n)\n",
    "    H = np.around(H, decimals=5)\n",
    "    return H"
   ]
  },
  {
   "cell_type": "code",
   "execution_count": 4,
   "id": "2f56e55b",
   "metadata": {},
   "outputs": [],
   "source": [
    "def householder_method(A):\n",
    "    print('Matriz original:\\n', A)\n",
    "    n_A = len(A)\n",
    "    H_acc = np.identity(n_A)\n",
    "    matrix = A.copy()\n",
    "    \n",
    "    for j in range(0, n_A - 2):\n",
    "        Hj = mount_householder_matrix(matrix, j)\n",
    "        print('\\n\\nMatriz de Householder ( passo', j, '):\\n', Hj)\n",
    "\n",
    "        matrix = np.around(Hj @ matrix @ Hj, decimals=4)\n",
    "        print('\\nMatriz modificada pela transformação de similaridade ( passo', j, '):\\n', matrix)\n",
    "        \n",
    "        H_acc = np.around(H_acc @ Hj, decimals=4)\n",
    "        print('\\nMatriz de Householder acumulada ( passo', j, '):\\n', H_acc)\n",
    "    \n",
    "    return matrix, H_acc"
   ]
  },
  {
   "cell_type": "markdown",
   "id": "833bdf68",
   "metadata": {},
   "source": [
    "### Teste com Matriz Simétrica "
   ]
  },
  {
   "cell_type": "code",
   "execution_count": 5,
   "id": "b3c51516",
   "metadata": {},
   "outputs": [
    {
     "name": "stdout",
     "output_type": "stream",
     "text": [
      "Matriz original:\n",
      " [[ 3 -2  1  1 -2  0  2]\n",
      " [-2  3  0  2  1  0  0]\n",
      " [ 1  0  2  0  2  1  1]\n",
      " [ 1  2  0  3  0  0  2]\n",
      " [-2  1  2  0  3  1  0]\n",
      " [ 0  0  1  0  1  1 -1]\n",
      " [ 2  0  1  2  0 -1  1]]\n",
      "\n",
      "\n",
      "Matriz de Householder ( passo 0 ):\n",
      " [[ 1.       0.       0.       0.       0.       0.       0.     ]\n",
      " [ 0.      -0.53452  0.26726  0.26726 -0.53452  0.       0.53452]\n",
      " [ 0.       0.26726  0.95345 -0.04655  0.0931   0.      -0.0931 ]\n",
      " [ 0.       0.26726 -0.04655  0.95345  0.0931   0.      -0.0931 ]\n",
      " [ 0.      -0.53452  0.0931   0.0931   0.81381  0.       0.18619]\n",
      " [ 0.       0.       0.       0.       0.       1.       0.     ]\n",
      " [ 0.       0.53452 -0.0931  -0.0931   0.18619  0.       0.81381]]\n",
      "\n",
      "Matriz modificada pela transformação de similaridade ( passo 0 ):\n",
      " [[ 3.      3.7416 -0.     -0.     -0.      0.      0.    ]\n",
      " [ 3.7416  2.6428 -0.7396  0.0622 -0.1244 -0.8018 -0.1429]\n",
      " [-0.     -0.7396  2.2685  0.4771  1.9166  1.1396  1.3041]\n",
      " [-0.      0.0622  0.4771  3.6858 -0.5008  0.1396  2.7215]\n",
      " [-0.     -0.1244  1.9166 -0.5008  2.26    0.7207  0.2986]\n",
      " [ 0.     -0.8018  1.1396  0.1396  0.7207  1.     -0.7207]\n",
      " [ 0.     -0.1429  1.3041  2.7215  0.2986 -0.7207  1.1428]]\n",
      "\n",
      "Matriz de Householder acumulada ( passo 0 ):\n",
      " [[ 1.      0.      0.      0.      0.      0.      0.    ]\n",
      " [ 0.     -0.5345  0.2673  0.2673 -0.5345  0.      0.5345]\n",
      " [ 0.      0.2673  0.9534 -0.0466  0.0931  0.     -0.0931]\n",
      " [ 0.      0.2673 -0.0466  0.9534  0.0931  0.     -0.0931]\n",
      " [ 0.     -0.5345  0.0931  0.0931  0.8138  0.      0.1862]\n",
      " [ 0.      0.      0.      0.      0.      1.      0.    ]\n",
      " [ 0.      0.5345 -0.0931 -0.0931  0.1862  0.      0.8138]]\n",
      "\n",
      "\n",
      "Matriz de Householder ( passo 1 ):\n",
      " [[ 1.       0.       0.       0.       0.       0.       0.     ]\n",
      " [ 0.       1.       0.       0.       0.       0.       0.     ]\n",
      " [ 0.       0.      -0.66697  0.05609 -0.11218 -0.72306 -0.12887]\n",
      " [ 0.       0.       0.05609  0.99811  0.00377  0.02433  0.00434]\n",
      " [ 0.       0.      -0.11218  0.00377  0.99245 -0.04866 -0.00867]\n",
      " [ 0.       0.      -0.72306  0.02433 -0.04866  0.68637 -0.0559 ]\n",
      " [ 0.       0.      -0.12887  0.00434 -0.00867 -0.0559   0.99004]]\n",
      "\n",
      "Matriz modificada pela transformação de similaridade ( passo 1 ):\n",
      " [[ 3.      3.7416  0.      0.      0.      0.      0.    ]\n",
      " [ 3.7416  2.6428  1.1089  0.     -0.     -0.      0.    ]\n",
      " [ 0.      1.1089  3.1123 -0.7023 -1.7288  1.0549  0.072 ]\n",
      " [ 0.      0.     -0.7023  3.7642 -0.4556 -0.3568  2.674 ]\n",
      " [ 0.     -0.     -1.7288 -0.4556  1.7655 -0.8909 -0.0705]\n",
      " [ 0.     -0.      1.0549 -0.3568 -0.8909  0.7678 -1.29  ]\n",
      " [ 0.      0.      0.072   2.674  -0.0705 -1.29    0.9473]]\n",
      "\n",
      "Matriz de Householder acumulada ( passo 1 ):\n",
      " [[ 1.      0.      0.      0.      0.      0.      0.    ]\n",
      " [ 0.     -0.5345 -0.1722  0.2821 -0.5641 -0.1906  0.5005]\n",
      " [ 0.      0.2673 -0.6369  0.0069 -0.0139 -0.6898 -0.216 ]\n",
      " [ 0.      0.2673  0.0861  0.9489  0.102   0.0576 -0.0828]\n",
      " [ 0.     -0.5345 -0.1722  0.102   0.7959 -0.1151  0.1657]\n",
      " [ 0.      0.     -0.7231  0.0243 -0.0487  0.6864 -0.0559]\n",
      " [ 0.      0.5345 -0.0689 -0.0939  0.1878  0.0105  0.8157]]\n",
      "\n",
      "\n",
      "Matriz de Householder ( passo 2 ):\n",
      " [[ 1.       0.       0.       0.       0.       0.       0.     ]\n",
      " [ 0.       1.       0.       0.       0.       0.       0.     ]\n",
      " [ 0.       0.       1.       0.       0.       0.       0.     ]\n",
      " [ 0.       0.       0.      -0.32745 -0.80606  0.49185  0.03357]\n",
      " [ 0.       0.       0.      -0.80606  0.51054  0.29866  0.02038]\n",
      " [ 0.       0.       0.       0.49185  0.29866  0.81776 -0.01244]\n",
      " [ 0.       0.       0.       0.03357  0.02038 -0.01244  0.99915]]\n",
      "\n",
      "Matriz modificada pela transformação de similaridade ( passo 2 ):\n",
      " [[ 3.      3.7416  0.      0.      0.      0.      0.    ]\n",
      " [ 3.7416  2.6428  1.1089  0.      0.      0.      0.    ]\n",
      " [ 0.      1.1089  3.1123  2.1448 -0.      0.      0.    ]\n",
      " [ 0.      0.      2.1448  2.2208  0.2116 -0.0059 -1.5017]\n",
      " [ 0.      0.     -0.      0.2116  3.1448 -1.2723 -2.6466]\n",
      " [ 0.      0.      0.     -0.0059 -1.2723  0.7197  0.2628]\n",
      " [ 0.      0.      0.     -1.5017 -2.6466  0.2628  1.1595]]\n",
      "\n",
      "Matriz de Householder acumulada ( passo 2 ):\n",
      " [[ 1.      0.      0.      0.      0.      0.      0.    ]\n",
      " [ 0.     -0.5345 -0.1722  0.2854 -0.5621 -0.1918  0.5004]\n",
      " [ 0.      0.2673 -0.6369 -0.3376 -0.2231 -0.5622 -0.2073]\n",
      " [ 0.      0.2673  0.0861 -0.3674 -0.6973  0.5453 -0.0495]\n",
      " [ 0.     -0.5345 -0.1722 -0.726   0.2931  0.1917  0.1866]\n",
      " [ 0.      0.     -0.7231  0.367   0.1594  0.5594 -0.0646]\n",
      " [ 0.      0.5345 -0.0689 -0.0881  0.1913  0.0083  0.8156]]\n",
      "\n",
      "\n",
      "Matriz de Householder ( passo 3 ):\n",
      " [[ 1.       0.       0.       0.       0.       0.       0.     ]\n",
      " [ 0.       1.       0.       0.       0.       0.       0.     ]\n",
      " [ 0.       0.       1.       0.       0.       0.       0.     ]\n",
      " [ 0.       0.       0.       1.       0.       0.       0.     ]\n",
      " [ 0.       0.       0.       0.       0.13953 -0.00389 -0.99021]\n",
      " [ 0.       0.       0.       0.      -0.00389  0.99998 -0.00448]\n",
      " [ 0.       0.       0.       0.      -0.99021 -0.00448 -0.13951]]\n",
      "\n",
      "Matriz modificada pela transformação de similaridade ( passo 3 ):\n",
      " [[ 3.      3.7416  0.      0.      0.      0.      0.    ]\n",
      " [ 3.7416  2.6428  1.1089  0.      0.      0.      0.    ]\n",
      " [ 0.      1.1089  3.1123  2.1448  0.      0.      0.    ]\n",
      " [ 0.      0.      2.1448  2.2208  1.5165  0.      0.    ]\n",
      " [ 0.      0.      0.      1.5165  1.9329 -0.4457 -2.8206]\n",
      " [ 0.      0.      0.      0.     -0.4457  0.7272  1.2196]\n",
      " [ 0.      0.      0.      0.     -2.8206  1.2196  2.3639]]\n",
      "\n",
      "Matriz de Householder acumulada ( passo 3 ):\n",
      " [[ 1.      0.      0.      0.      0.      0.      0.    ]\n",
      " [ 0.     -0.5345 -0.1722  0.2854 -0.5732 -0.1919  0.4876]\n",
      " [ 0.      0.2673 -0.6369 -0.3376  0.1763 -0.5604  0.2524]\n",
      " [ 0.      0.2673  0.0861 -0.3674 -0.0504  0.5482  0.6949]\n",
      " [ 0.     -0.5345 -0.1722 -0.726  -0.1446  0.1897 -0.3171]\n",
      " [ 0.      0.     -0.7231  0.367   0.084   0.5591 -0.1513]\n",
      " [ 0.      0.5345 -0.0689 -0.0881 -0.781   0.0039 -0.3032]]\n",
      "\n",
      "\n",
      "Matriz de Householder ( passo 4 ):\n",
      " [[ 1.       0.       0.       0.       0.       0.       0.     ]\n",
      " [ 0.       1.       0.       0.       0.       0.       0.     ]\n",
      " [ 0.       0.       1.       0.       0.       0.       0.     ]\n",
      " [ 0.       0.       0.       1.       0.       0.       0.     ]\n",
      " [ 0.       0.       0.       0.       1.       0.       0.     ]\n",
      " [ 0.       0.       0.       0.       0.      -0.15608 -0.98774]\n",
      " [ 0.       0.       0.       0.       0.      -0.98774  0.15608]]\n",
      "\n",
      "Matriz modificada pela transformação de similaridade ( passo 4 ):\n",
      " [[ 3.      3.7416  0.      0.      0.      0.      0.    ]\n",
      " [ 3.7416  2.6428  1.1089  0.      0.      0.      0.    ]\n",
      " [ 0.      1.1089  3.1123  2.1448  0.      0.      0.    ]\n",
      " [ 0.      0.      2.1448  2.2208  1.5165  0.      0.    ]\n",
      " [ 0.      0.      0.      1.5165  1.9329  2.8556 -0.    ]\n",
      " [ 0.      0.      0.      0.      2.8556  2.7001  0.9078]\n",
      " [ 0.      0.      0.      0.     -0.      0.9078  0.391 ]]\n",
      "\n",
      "Matriz de Householder acumulada ( passo 4 ):\n",
      " [[ 1.      0.      0.      0.      0.      0.      0.    ]\n",
      " [ 0.     -0.5345 -0.1722  0.2854 -0.5732 -0.4517  0.2657]\n",
      " [ 0.      0.2673 -0.6369 -0.3376  0.1763 -0.1618  0.5929]\n",
      " [ 0.      0.2673  0.0861 -0.3674 -0.0504 -0.7719 -0.433 ]\n",
      " [ 0.     -0.5345 -0.1722 -0.726  -0.1446  0.2836 -0.2369]\n",
      " [ 0.      0.     -0.7231  0.367   0.084   0.0622 -0.5759]\n",
      " [ 0.      0.5345 -0.0689 -0.0881 -0.781   0.2989 -0.0512]]\n"
     ]
    }
   ],
   "source": [
    "# Matriz 7x7\n",
    "A = np.array([[ 3,-2, 1, 1,-2, 0, 2],\n",
    "              [-2, 3, 0, 2, 1, 0, 0],\n",
    "              [ 1, 0, 2, 0, 2, 1, 1],\n",
    "              [ 1, 2, 0, 3, 0, 0, 2],\n",
    "              [-2, 1, 2, 0, 3, 1, 0],\n",
    "              [ 0, 0, 1, 0, 1, 1,-1],\n",
    "              [ 2, 0, 1, 2, 0,-1, 1]])\n",
    "\n",
    "matrix, H_acc = householder_method(A)"
   ]
  },
  {
   "cell_type": "markdown",
   "id": "216fc445",
   "metadata": {},
   "source": [
    "### Teste com Matriz Não Simétrica "
   ]
  },
  {
   "cell_type": "code",
   "execution_count": 6,
   "id": "4bbfbbc0",
   "metadata": {},
   "outputs": [
    {
     "name": "stdout",
     "output_type": "stream",
     "text": [
      "Matriz original:\n",
      " [[ 3 -2  1 -1  2  0  2]\n",
      " [ 1  3  0  2  1  0  0]\n",
      " [ 5  0  2  0  2  1  1]\n",
      " [ 1  5  0  3  0  0  2]\n",
      " [ 2  1  3  5  3  1  0]\n",
      " [ 3  5  1  0  2  1  1]\n",
      " [ 2  0  5  2 -3  0  1]]\n",
      "\n",
      "\n",
      "Matriz de Householder ( passo 0 ):\n",
      " [[ 1.       0.       0.       0.       0.       0.       0.     ]\n",
      " [ 0.       0.15076  0.75378  0.15076  0.30151  0.45227  0.30151]\n",
      " [ 0.       0.75378  0.33096 -0.13381 -0.26762 -0.40143 -0.26762]\n",
      " [ 0.       0.15076 -0.13381  0.97324 -0.05352 -0.08029 -0.05352]\n",
      " [ 0.       0.30151 -0.26762 -0.05352  0.89295 -0.16057 -0.10705]\n",
      " [ 0.       0.45227 -0.40143 -0.08029 -0.16057  0.75914 -0.16057]\n",
      " [ 0.       0.30151 -0.26762 -0.05352 -0.10705 -0.16057  0.89295]]\n",
      "\n",
      "Matriz modificada pela transformação de similaridade ( passo 0 ):\n",
      " [[ 3.      1.5075 -2.1133 -1.6227  0.7547 -1.868   0.7547]\n",
      " [ 6.6333  6.2955  2.1294  2.4159  1.6658  0.162   0.9121]\n",
      " [-0.     -1.7868 -0.9003 -0.5712  1.0049  0.25   -0.2136]\n",
      " [-0.      0.8789  2.7606  3.554   1.1372  1.8544  3.0935]\n",
      " [-0.      2.6622 -0.2699  4.3496  1.7581 -0.5658 -1.3293]\n",
      " [-0.      0.0737  2.6808  0.3415  2.7713  2.6026  1.6402]\n",
      " [-0.      1.6069  1.7792  1.3594 -4.2223 -1.5364 -0.3097]]\n",
      "\n",
      "Matriz de Householder acumulada ( passo 0 ):\n",
      " [[ 1.      0.      0.      0.      0.      0.      0.    ]\n",
      " [ 0.      0.1508  0.7538  0.1508  0.3015  0.4523  0.3015]\n",
      " [ 0.      0.7538  0.331  -0.1338 -0.2676 -0.4014 -0.2676]\n",
      " [ 0.      0.1508 -0.1338  0.9732 -0.0535 -0.0803 -0.0535]\n",
      " [ 0.      0.3015 -0.2676 -0.0535  0.893  -0.1606 -0.107 ]\n",
      " [ 0.      0.4523 -0.4014 -0.0803 -0.1606  0.7591 -0.1606]\n",
      " [ 0.      0.3015 -0.2676 -0.0535 -0.107  -0.1606  0.893 ]]\n",
      "\n",
      "\n",
      "Matriz de Householder ( passo 1 ):\n",
      " [[ 1.       0.       0.       0.       0.       0.       0.     ]\n",
      " [ 0.       1.       0.       0.       0.       0.       0.     ]\n",
      " [ 0.       0.      -0.4838   0.23798  0.72083  0.01996  0.43509]\n",
      " [ 0.       0.       0.23798  0.96183 -0.11561 -0.0032  -0.06978]\n",
      " [ 0.       0.       0.72083 -0.11561  0.64982 -0.00969 -0.21137]\n",
      " [ 0.       0.       0.01996 -0.0032  -0.00969  0.99973 -0.00585]\n",
      " [ 0.       0.       0.43509 -0.06978 -0.21137 -0.00585  0.87242]]\n",
      "\n",
      "Matriz modificada pela transformação de similaridade ( passo 1 ):\n",
      " [[ 3.      1.5075  1.4713 -2.1976 -0.9867 -1.9162 -0.2964]\n",
      " [ 6.6333  6.2955  1.1456  2.5737  2.1437  0.1753  1.2006]\n",
      " [ 0.      3.6932 -0.3156  5.1831  0.2616 -0.6766  0.3779]\n",
      " [ 0.     -0.      1.9136  2.7519  1.6223  2.0132  3.2195]\n",
      " [ 0.     -0.      2.4514  1.0721  0.6592 -0.1561 -2.4979]\n",
      " [ 0.      0.      1.5644  0.4419  3.3199  2.63    1.9573]\n",
      " [ 0.      0.     -3.3792  0.4719 -1.5817 -1.1976  0.9792]]\n",
      "\n",
      "Matriz de Householder acumulada ( passo 1 ):\n",
      " [[ 1.      0.      0.      0.      0.      0.      0.    ]\n",
      " [ 0.      0.1508  0.0287  0.2671  0.6537  0.4621  0.5141]\n",
      " [ 0.      0.7538 -0.5093  0.001   0.1406 -0.3901 -0.0212]\n",
      " [ 0.      0.1508  0.2329  0.9144 -0.2316 -0.0852 -0.161 ]\n",
      " [ 0.      0.3015  0.7107 -0.2104  0.4178 -0.1738 -0.3939]\n",
      " [ 0.      0.4523  0.0046 -0.1454 -0.3578  0.7536 -0.2796]\n",
      " [ 0.      0.3015  0.4249 -0.1646 -0.4434 -0.1699  0.6899]]\n",
      "\n",
      "\n",
      "Matriz de Householder ( passo 2 ):\n",
      " [[ 1.       0.       0.       0.       0.       0.       0.     ]\n",
      " [ 0.       1.       0.       0.       0.       0.       0.     ]\n",
      " [ 0.       0.       1.       0.       0.       0.       0.     ]\n",
      " [ 0.       0.       0.       0.39443  0.50528  0.32245 -0.69652]\n",
      " [ 0.       0.       0.       0.50528  0.5784  -0.26905  0.58117]\n",
      " [ 0.       0.       0.       0.32245 -0.26905  0.8283   0.37088]\n",
      " [ 0.       0.       0.      -0.69652  0.58117  0.37088  0.19887]]\n",
      "\n",
      "Matriz modificada pela transformação de similaridade ( passo 2 ):\n",
      " [[ 3.      1.5075  1.4713 -1.7768 -1.3378 -2.1403  0.1876]\n",
      " [ 6.6333  6.2955  1.1456  1.3186  3.1909  0.8436 -0.243 ]\n",
      " [ 0.      3.6932 -0.3156  1.6952  3.1719  1.1806 -3.6339]\n",
      " [ 0.      0.      4.8515  2.9606  1.8771  1.5882  1.7048]\n",
      " [ 0.      0.      0.      0.2353  0.9994  0.5513 -1.9961]\n",
      " [ 0.      0.      0.     -0.0739  3.5218  3.0717  2.2984]\n",
      " [ 0.      0.      0.      1.3653 -1.8337 -2.0343 -0.0116]]\n",
      "\n",
      "Matriz de Householder acumulada ( passo 2 ):\n",
      " [[ 1.      0.      0.      0.      0.      0.      0.    ]\n",
      " [ 0.      0.1508  0.0287  0.2266  0.6875  0.4837  0.4675]\n",
      " [ 0.      0.7538 -0.5093 -0.0396  0.1745 -0.3685 -0.0679]\n",
      " [ 0.      0.1508  0.2329  0.3283  0.2574  0.2269 -0.8351]\n",
      " [ 0.      0.3015  0.7107  0.3464 -0.0468 -0.4703  0.2466]\n",
      " [ 0.      0.4523  0.0046  0.1996 -0.6457  0.5699  0.1172]\n",
      " [ 0.      0.3015  0.4249 -0.8243  0.107   0.1814 -0.0689]]\n",
      "\n",
      "\n",
      "Matriz de Householder ( passo 3 ):\n",
      " [[ 1.       0.       0.       0.       0.       0.       0.     ]\n",
      " [ 0.       1.       0.       0.       0.       0.       0.     ]\n",
      " [ 0.       0.       1.       0.       0.       0.       0.     ]\n",
      " [ 0.       0.       0.       1.       0.       0.       0.     ]\n",
      " [ 0.       0.       0.       0.       0.1696  -0.05327  0.98407]\n",
      " [ 0.       0.       0.       0.      -0.05327  0.99658  0.06312]\n",
      " [ 0.       0.       0.       0.       0.98407  0.06312 -0.16618]]\n",
      "\n",
      "Matriz modificada pela transformação de similaridade ( passo 3 ):\n",
      " [[ 3.      1.5075  1.4713 -1.7768  0.0717 -2.0499 -1.4828]\n",
      " [ 6.6333  6.2955  1.1456  1.3186  0.2571  0.6554  3.2337]\n",
      " [ 0.      3.6932 -0.3156  1.6952 -3.1009  0.7782  3.7998]\n",
      " [ 0.      0.      4.8515  2.9606  1.9114  1.5904  1.6641]\n",
      " [ 0.      0.      0.      1.3874 -0.6636 -1.9977 -1.8458]\n",
      " [ 0.      0.      0.     -0.      2.7699  2.8668  3.0726]\n",
      " [ 0.      0.      0.      0.     -1.5894  0.8756  1.8563]]\n",
      "\n",
      "Matriz de Householder acumulada ( passo 3 ):\n",
      " [[ 1.      0.      0.      0.      0.      0.      0.    ]\n",
      " [ 0.      0.1508  0.0287  0.2266  0.5509  0.4749  0.6294]\n",
      " [ 0.      0.7538 -0.5093 -0.0396 -0.0176 -0.3808  0.1597]\n",
      " [ 0.      0.1508  0.2329  0.3283 -0.7902  0.1597  0.4064]\n",
      " [ 0.      0.3015  0.7107  0.3464  0.2598 -0.4506 -0.1167]\n",
      " [ 0.      0.4523  0.0046  0.1996 -0.0245  0.6097 -0.6189]\n",
      " [ 0.      0.3015  0.4249 -0.8243 -0.0593  0.1707  0.1282]]\n",
      "\n",
      "\n",
      "Matriz de Householder ( passo 4 ):\n",
      " [[ 1.       0.       0.       0.       0.       0.       0.     ]\n",
      " [ 0.       1.       0.       0.       0.       0.       0.     ]\n",
      " [ 0.       0.       1.       0.       0.       0.       0.     ]\n",
      " [ 0.       0.       0.       1.       0.       0.       0.     ]\n",
      " [ 0.       0.       0.       0.       1.       0.       0.     ]\n",
      " [ 0.       0.       0.       0.       0.       0.86735 -0.4977 ]\n",
      " [ 0.       0.       0.       0.       0.      -0.4977  -0.86735]]\n",
      "\n",
      "Matriz modificada pela transformação de similaridade ( passo 4 ):\n",
      " [[ 3.      1.5075  1.4713 -1.7768  0.0717 -1.04    2.3063]\n",
      " [ 6.6333  6.2955  1.1456  1.3186  0.2571 -1.041  -3.1309]\n",
      " [ 0.      3.6932 -0.3156  1.6952 -3.1009 -1.2162 -3.6831]\n",
      " [ 0.      0.      4.8515  2.9606  1.9114  0.5512 -2.2349]\n",
      " [ 0.      0.      0.      1.3874 -0.6636 -0.8141  2.5952]\n",
      " [ 0.      0.      0.      0.      3.1935  0.9121 -2.5308]\n",
      " [ 0.      0.      0.      0.     -0.     -0.3338  3.811 ]]\n",
      "\n",
      "Matriz de Householder acumulada ( passo 4 ):\n",
      " [[ 1.      0.      0.      0.      0.      0.      0.    ]\n",
      " [ 0.      0.1508  0.0287  0.2266  0.5509  0.0987 -0.7823]\n",
      " [ 0.      0.7538 -0.5093 -0.0396 -0.0176 -0.4098  0.051 ]\n",
      " [ 0.      0.1508  0.2329  0.3283 -0.7902 -0.0637 -0.432 ]\n",
      " [ 0.      0.3015  0.7107  0.3464  0.2598 -0.3327  0.3255]\n",
      " [ 0.      0.4523  0.0046  0.1996 -0.0245  0.8368  0.2334]\n",
      " [ 0.      0.3015  0.4249 -0.8243 -0.0593  0.0843 -0.1962]]\n"
     ]
    }
   ],
   "source": [
    "# Matriz 7x7\n",
    "A = np.array([[3, -2, 1,-1, 2, 0, 2],\n",
    "              [1, 3, 0, 2, 1, 0, 0],\n",
    "              [5, 0, 2, 0, 2, 1, 1],\n",
    "              [1, 5, 0, 3, 0, 0, 2],\n",
    "              [2, 1, 3, 5, 3, 1, 0],\n",
    "              [3, 5, 1, 0, 2, 1, 1],\n",
    "              [2, 0, 5, 2,-3, 0, 1]])\n",
    "\n",
    "matrix, H_acc = householder_method(A)"
   ]
  },
  {
   "cell_type": "code",
   "execution_count": null,
   "id": "888499d1",
   "metadata": {},
   "outputs": [],
   "source": []
  }
 ],
 "metadata": {
  "kernelspec": {
   "display_name": "Python 3 (ipykernel)",
   "language": "python",
   "name": "python3"
  },
  "language_info": {
   "codemirror_mode": {
    "name": "ipython",
    "version": 3
   },
   "file_extension": ".py",
   "mimetype": "text/x-python",
   "name": "python",
   "nbconvert_exporter": "python",
   "pygments_lexer": "ipython3",
   "version": "3.8.13"
  }
 },
 "nbformat": 4,
 "nbformat_minor": 5
}
