{
 "cells": [
  {
   "cell_type": "markdown",
   "id": "61e7ebcc",
   "metadata": {},
   "source": [
    "# Álgebra Linear Computacional - CKP8122 - MDCC - UFC\n",
    "### Francisco Mateus dos Anjos Silva\n",
    "# Método de Householder"
   ]
  },
  {
   "cell_type": "code",
   "execution_count": 1,
   "id": "b71aa741",
   "metadata": {},
   "outputs": [],
   "source": [
    "# Implementar o método de Householder e faça o que se pede:\n",
    "\n",
    "# 1) imprima a matriz original (teste matrizes nxn com n > 6,  simétricas e não simétricas);\n",
    "\n",
    "# 2) em cada passo,  imprima a matriz de householder, a matriz modificada pela transformação de similaridade, \n",
    "#    e a matriz de householder acumulada;\n",
    "\n",
    "# 3) no final do loop de execução  imprima: \n",
    "#    -  a matriz de saída (Tridiagonal se a matriz de entrada for simétrica, \n",
    "#       ou Upper-Hessemberg se a matriz de entrada não for simétrica);\n",
    "#    -  a matriz de Householder acumulada (final)."
   ]
  },
  {
   "cell_type": "markdown",
   "id": "9e0574d5",
   "metadata": {},
   "source": [
    "Em álgebra linear, uma **transformação de Householder** (também conhecida como uma reflexão de Householder ou refletor elementar) é uma transformação linear que descreve uma reflexão em relação a um plano ou hiperplano que contém a origem. A transformação de Householder foi introduzida em 1958 por Alston Scott Householder. \n",
    "O seu análogo em espaços com produto interno mais gerais é o operador de Householder.\n",
    "\n",
    "**Transformação**\n",
    "\n",
    "O hiperplano de reflexão pode ser definido por um vetor unitário ${\\textstyle v}$ (um vetor de comprimento ${\\textstyle 1}$) que é ortogonal ao plano. A reflexão de um ponto ${\\textstyle x}$ em relação a este hiperplano é a transformação linear:\n",
    "\n",
    "${\\displaystyle x-2\\langle x,v\\rangle v=x-2v\\left(v^{\\textsf {H}}x\\right),}$ em que ${\\textstyle v}$ é dado como um vetor coluna unitário com conjugado transposto ${\\textstyle v^{\\textsf {H}}.}$\n",
    "\n",
    "**Matriz de Householder**\n",
    "\n",
    "A matriz construída a partir dessa transformação pode ser expressa em termos de um produto externo como:\n",
    "\n",
    "${\\displaystyle P=I-2(v\\otimes v)=I-2vv^{\\textsf {H}}}$\n",
    "\n",
    "é conhecida como a matriz de Householder, em que ${\\textstyle I}$ é a matriz de identidade.\n",
    "\n",
    "**Propriedades**\n",
    "\n",
    "A matriz de Householder tem as seguintes propriedades:\n",
    "\n",
    "- é Hermitiana: ${\\textstyle P=P^{\\textsf {H}},}$\n",
    "- é unitária: ${\\textstyle P^{-1}=P^{\\textsf {H}},}$\n",
    "- consequentemente, é involutiva: ${\\textstyle P^{2}=I.}$\n",
    "- Uma matriz de Householder tem autovalores ${\\textstyle \\pm 1.}$ Para ver isto, note que se ${\\textstyle u}$ é ortogonal ao vetor ${\\textstyle v}$ que foi utilizado para criar o refletor, então ${\\textstyle Pu=u,}$ ou seja, ${\\textstyle 1}$ é um autovalor de multiplicidade ${\\textstyle n-1,}$ uma vez que existem ${\\textstyle n-1}$ vetores linearmente independentes ortogonais a ${\\textstyle v.}$ Além disso, observe que ${\\textstyle Pv=-v}$ e assim ${\\textstyle -1}$ é um autovalor com multiplicidade ${\\textstyle 1.}$\n",
    "- O determinante de um refletor de Householder é ${\\textstyle -1,}$ uma vez que o determinante de uma matriz é o produto de seus autovalores e, neste caso, um deles é ${\\textstyle -1}$ e o restante é ${\\textstyle 1}$ (como no ponto anterior).\n",
    "\n",
    "**Referências:**\n",
    "\n",
    "- https://pt.wikipedia.org/wiki/Transforma%C3%A7%C3%A3o_de_Householder#:~:text=Em%20%C3%A1lgebra%20linear%2C%20uma%20transforma%C3%A7%C3%A3o,1958%20por%20Alston%20Scott%20Householder"
   ]
  },
  {
   "cell_type": "code",
   "execution_count": 2,
   "id": "2441a297",
   "metadata": {},
   "outputs": [],
   "source": [
    "import numpy as np\n",
    "import math"
   ]
  },
  {
   "cell_type": "code",
   "execution_count": 3,
   "id": "12fc9d52",
   "metadata": {},
   "outputs": [],
   "source": [
    "def mount_householder_matrix(A, j):    \n",
    "    A = A.astype(np.float32)\n",
    "    n_A = len(A)\n",
    "    v = np.zeros(n_A)\n",
    "    w = np.zeros(n_A)\n",
    "    v[j+1:] = A[j+1:,j]\n",
    "    w[j+1] = np.linalg.norm(v)\n",
    "    n = np.array([(v - w) / np.linalg.norm(v - w)])\n",
    "    H = np.identity(n_A) - 2 * (n.T @ n)\n",
    "    H = np.around(H, decimals=5)\n",
    "    return H"
   ]
  },
  {
   "cell_type": "code",
   "execution_count": 4,
   "id": "2f56e55b",
   "metadata": {},
   "outputs": [],
   "source": [
    "def householder_method(A):\n",
    "    print('Matriz original:\\n', A)\n",
    "    n_A = len(A)\n",
    "    H_acc = np.identity(n_A)\n",
    "    matrix = A.copy()\n",
    "    \n",
    "    for j in range(0, n_A - 2):\n",
    "        Hj = mount_householder_matrix(matrix, j)\n",
    "        print('\\n\\nMatriz de Householder ( passo', j, '):\\n', Hj)\n",
    "\n",
    "        matrix = np.around(Hj @ matrix @ Hj, decimals=4)\n",
    "        print('\\nMatriz modificada pela transformação de similaridade ( passo', j, '):\\n', matrix)\n",
    "        \n",
    "        H_acc = np.around(H_acc @ Hj, decimals=4)\n",
    "        print('\\nMatriz de Householder acumulada ( passo', j, '):\\n', H_acc)\n",
    "    \n",
    "    return matrix, H_acc"
   ]
  },
  {
   "cell_type": "markdown",
   "id": "833bdf68",
   "metadata": {},
   "source": [
    "### Teste com Matriz Simétrica "
   ]
  },
  {
   "cell_type": "code",
   "execution_count": 5,
   "id": "b3c51516",
   "metadata": {},
   "outputs": [
    {
     "name": "stdout",
     "output_type": "stream",
     "text": [
      "Matriz original:\n",
      " [[3 2 1 1 2 0 2]\n",
      " [2 3 0 2 1 0 0]\n",
      " [1 0 2 0 2 1 1]\n",
      " [1 2 0 3 0 0 2]\n",
      " [2 1 2 0 3 1 0]\n",
      " [0 0 1 0 1 1 1]\n",
      " [2 0 1 2 0 1 1]]\n",
      "\n",
      "\n",
      "Matriz de Householder ( passo 0 ):\n",
      " [[ 1.       0.       0.       0.       0.       0.       0.     ]\n",
      " [ 0.       0.53452  0.26726  0.26726  0.53452  0.       0.53452]\n",
      " [ 0.       0.26726  0.84655 -0.15345 -0.3069   0.      -0.3069 ]\n",
      " [ 0.       0.26726 -0.15345  0.84655 -0.3069   0.      -0.3069 ]\n",
      " [ 0.       0.53452 -0.3069  -0.3069   0.38619  0.      -0.61381]\n",
      " [ 0.       0.       0.       0.       0.       1.       0.     ]\n",
      " [ 0.       0.53452 -0.3069  -0.3069  -0.61381  0.       0.38619]]\n",
      "\n",
      "Matriz modificada pela transformação de similaridade ( passo 0 ):\n",
      " [[ 3.      3.7416  0.      0.      0.      0.      0.    ]\n",
      " [ 3.7416  4.9285  0.8428  1.6446  0.082   1.3363 -1.2543]\n",
      " [ 0.      0.8428  0.3964 -0.9156  0.2877  0.2327 -0.5192]\n",
      " [ 0.      1.6446 -0.9156  2.7724 -0.3364 -0.7672  1.8567]\n",
      " [ 0.      0.082   0.2877 -0.3364  2.5651 -0.5345 -0.0487]\n",
      " [ 0.      1.3363  0.2327 -0.7672 -0.5345  1.     -0.5345]\n",
      " [ 0.     -1.2543 -0.5192  1.8567 -0.0487 -0.5345  1.3375]]\n",
      "\n",
      "Matriz de Householder acumulada ( passo 0 ):\n",
      " [[ 1.      0.      0.      0.      0.      0.      0.    ]\n",
      " [ 0.      0.5345  0.2673  0.2673  0.5345  0.      0.5345]\n",
      " [ 0.      0.2673  0.8466 -0.1534 -0.3069  0.     -0.3069]\n",
      " [ 0.      0.2673 -0.1534  0.8466 -0.3069  0.     -0.3069]\n",
      " [ 0.      0.5345 -0.3069 -0.3069  0.3862  0.     -0.6138]\n",
      " [ 0.      0.      0.      0.      0.      1.      0.    ]\n",
      " [ 0.      0.5345 -0.3069 -0.3069 -0.6138  0.      0.3862]]\n",
      "\n",
      "\n",
      "Matriz de Householder ( passo 1 ):\n",
      " [[ 1.       0.       0.       0.       0.       0.       0.     ]\n",
      " [ 0.       1.       0.       0.       0.       0.       0.     ]\n",
      " [ 0.       0.       0.32366  0.63157  0.03149  0.51318 -0.48169]\n",
      " [ 0.       0.       0.63157  0.41023 -0.02941 -0.47921  0.4498 ]\n",
      " [ 0.       0.       0.03149 -0.02941  0.99853 -0.02389  0.02243]\n",
      " [ 0.       0.       0.51318 -0.47921 -0.02389  0.61063  0.36548]\n",
      " [ 0.       0.      -0.48169  0.4498   0.02243  0.36548  0.65695]]\n",
      "\n",
      "Matriz modificada pela transformação de similaridade ( passo 1 ):\n",
      " [[ 3.      3.7416  0.      0.      0.      0.      0.    ]\n",
      " [ 3.7416  4.9285  2.604  -0.     -0.      0.     -0.    ]\n",
      " [ 0.      2.604   0.2024 -0.0997 -0.3022  0.1368  0.2795]\n",
      " [ 0.     -0.     -0.0997  1.4178  0.1848 -1.1593  1.5629]\n",
      " [ 0.     -0.     -0.3022  0.1848  2.6204 -0.0756 -0.5124]\n",
      " [ 0.      0.      0.1368 -1.1593 -0.0756  1.2572 -1.3137]\n",
      " [ 0.     -0.      0.2795  1.5629 -0.5124 -1.3137  2.5736]]\n",
      "\n",
      "Matriz de Householder acumulada ( passo 1 ):\n",
      " [[ 1.      0.      0.      0.      0.      0.      0.    ]\n",
      " [ 0.      0.5345  0.0147  0.5032  0.5463  0.1917  0.3546]\n",
      " [ 0.      0.2673  0.3153  0.3427 -0.2822  0.4031 -0.6853]\n",
      " [ 0.      0.2673  0.6232  0.1214 -0.3431 -0.5893  0.2462]\n",
      " [ 0.      0.5345  0.0147 -0.6072  0.3712 -0.244  -0.3848]\n",
      " [ 0.      0.      0.5132 -0.4792 -0.0239  0.6106  0.3655]\n",
      " [ 0.      0.5345 -0.4985 -0.128  -0.6049  0.1454  0.2497]]\n",
      "\n",
      "\n",
      "Matriz de Householder ( passo 2 ):\n",
      " [[ 1.       0.       0.       0.       0.       0.       0.     ]\n",
      " [ 0.       1.       0.       0.       0.       0.       0.     ]\n",
      " [ 0.       0.       1.       0.       0.       0.       0.     ]\n",
      " [ 0.       0.       0.      -0.224   -0.67897  0.30736  0.62797]\n",
      " [ 0.       0.       0.      -0.67897  0.62336  0.1705   0.34835]\n",
      " [ 0.       0.       0.       0.30736  0.1705   0.92282 -0.15769]\n",
      " [ 0.       0.       0.       0.62797  0.34835 -0.15769  0.67782]]\n",
      "\n",
      "Matriz modificada pela transformação de similaridade ( passo 2 ):\n",
      " [[ 3.      3.7416  0.      0.      0.      0.      0.    ]\n",
      " [ 3.7416  4.9285  2.604   0.      0.      0.      0.    ]\n",
      " [ 0.      2.604   0.2024  0.4451  0.     -0.     -0.    ]\n",
      " [ 0.      0.      0.4451  2.1503 -1.0737 -0.6218  0.2004]\n",
      " [ 0.      0.      0.     -1.0737  0.9987  0.6406 -0.414 ]\n",
      " [ 0.      0.     -0.     -0.6218  0.6406  0.9411 -1.3417]\n",
      " [ 0.      0.     -0.      0.2004 -0.414  -1.3417  3.7789]]\n",
      "\n",
      "Matriz de Householder acumulada ( passo 2 ):\n",
      " [[ 1.      0.      0.      0.      0.      0.      0.    ]\n",
      " [ 0.      0.5345  0.0147 -0.202   0.1551  0.3688  0.7164]\n",
      " [ 0.      0.2673  0.3153 -0.1916 -0.5786  0.5373 -0.4112]\n",
      " [ 0.      0.2673  0.6232  0.1792 -0.311  -0.6038  0.2165]\n",
      " [ 0.      0.5345  0.0147 -0.4327  0.468  -0.2878 -0.4743]\n",
      " [ 0.      0.      0.5132  0.5408  0.5419  0.3545 -0.1578]\n",
      " [ 0.      0.5345 -0.4985  0.6409 -0.1784 -0.0477 -0.1448]]\n",
      "\n",
      "\n",
      "Matriz de Householder ( passo 3 ):\n",
      " [[ 1.       0.       0.       0.       0.       0.       0.     ]\n",
      " [ 0.       1.       0.       0.       0.       0.       0.     ]\n",
      " [ 0.       0.       1.       0.       0.       0.       0.     ]\n",
      " [ 0.       0.       0.       1.       0.       0.       0.     ]\n",
      " [ 0.       0.       0.       0.      -0.85429 -0.49474  0.15945]\n",
      " [ 0.       0.       0.       0.      -0.49474  0.868    0.04254]\n",
      " [ 0.       0.       0.       0.       0.15945  0.04254  0.98629]]\n",
      "\n",
      "Matriz modificada pela transformação de similaridade ( passo 3 ):\n",
      " [[ 3.      3.7416  0.      0.      0.      0.      0.    ]\n",
      " [ 3.7416  4.9285  2.604   0.      0.      0.      0.    ]\n",
      " [ 0.      2.604   0.2024  0.4451  0.      0.      0.    ]\n",
      " [ 0.      0.      0.4451  2.1503  1.2568  0.     -0.    ]\n",
      " [ 0.      0.      0.      1.2568  1.9213 -0.3844  1.3485]\n",
      " [ 0.      0.      0.      0.     -0.3844  0.3285 -0.7622]\n",
      " [ 0.      0.      0.     -0.      1.3485 -0.7622  3.469 ]]\n",
      "\n",
      "Matriz de Householder acumulada ( passo 3 ):\n",
      " [[ 1.      0.      0.      0.      0.      0.      0.    ]\n",
      " [ 0.      0.5345  0.0147 -0.202  -0.2007  0.2739  0.747 ]\n",
      " [ 0.      0.2673  0.3153 -0.1916  0.1629  0.7351 -0.475 ]\n",
      " [ 0.      0.2673  0.6232  0.1792  0.5989 -0.361   0.1383]\n",
      " [ 0.      0.5345  0.0147 -0.4327 -0.333  -0.5015 -0.4054]\n",
      " [ 0.      0.      0.5132  0.5408 -0.6635  0.0329 -0.0542]\n",
      " [ 0.      0.5345 -0.4985  0.6409  0.1529  0.0407 -0.1733]]\n",
      "\n",
      "\n",
      "Matriz de Householder ( passo 4 ):\n",
      " [[ 1.       0.       0.       0.       0.       0.       0.     ]\n",
      " [ 0.       1.       0.       0.       0.       0.       0.     ]\n",
      " [ 0.       0.       1.       0.       0.       0.       0.     ]\n",
      " [ 0.       0.       0.       1.       0.       0.       0.     ]\n",
      " [ 0.       0.       0.       0.       1.       0.       0.     ]\n",
      " [ 0.       0.       0.       0.       0.      -0.27414  0.96169]\n",
      " [ 0.       0.       0.       0.       0.       0.96169  0.27414]]\n",
      "\n",
      "Matriz modificada pela transformação de similaridade ( passo 4 ):\n",
      " [[3.     3.7416 0.     0.     0.     0.     0.    ]\n",
      " [3.7416 4.9285 2.604  0.     0.     0.     0.    ]\n",
      " [0.     2.604  0.2024 0.4451 0.     0.     0.    ]\n",
      " [0.     0.     0.4451 2.1503 1.2568 0.     0.    ]\n",
      " [0.     0.     0.     1.2568 1.9213 1.4022 0.    ]\n",
      " [0.     0.     0.     0.     1.4022 3.6349 0.1803]\n",
      " [0.     0.     0.     0.     0.     0.1803 0.1626]]\n",
      "\n",
      "Matriz de Householder acumulada ( passo 4 ):\n",
      " [[ 1.      0.      0.      0.      0.      0.      0.    ]\n",
      " [ 0.      0.5345  0.0147 -0.202  -0.2007  0.6433  0.4682]\n",
      " [ 0.      0.2673  0.3153 -0.1916  0.1629 -0.6583  0.5767]\n",
      " [ 0.      0.2673  0.6232  0.1792  0.5989  0.232  -0.3093]\n",
      " [ 0.      0.5345  0.0147 -0.4327 -0.333  -0.2524 -0.5934]\n",
      " [ 0.      0.      0.5132  0.5408 -0.6635 -0.0611  0.0168]\n",
      " [ 0.      0.5345 -0.4985  0.6409  0.1529 -0.1778 -0.0084]]\n"
     ]
    }
   ],
   "source": [
    "# Matriz 7x7\n",
    "A = np.array([[3, 2, 1, 1, 2, 0, 2],\n",
    "              [2, 3, 0, 2, 1, 0, 0],\n",
    "              [1, 0, 2, 0, 2, 1, 1],\n",
    "              [1, 2, 0, 3, 0, 0, 2],\n",
    "              [2, 1, 2, 0, 3, 1, 0],\n",
    "              [0, 0, 1, 0, 1, 1, 1],\n",
    "              [2, 0, 1, 2, 0, 1, 1]])\n",
    "\n",
    "matrix, H_acc = householder_method(A)"
   ]
  },
  {
   "cell_type": "markdown",
   "id": "216fc445",
   "metadata": {},
   "source": [
    "### Teste com Matriz Não Simétrica "
   ]
  },
  {
   "cell_type": "code",
   "execution_count": 6,
   "id": "4bbfbbc0",
   "metadata": {},
   "outputs": [
    {
     "name": "stdout",
     "output_type": "stream",
     "text": [
      "Matriz original:\n",
      " [[3 2 1 1 2 0 2]\n",
      " [1 3 0 2 1 0 0]\n",
      " [5 0 2 0 2 1 1]\n",
      " [1 5 0 3 0 0 2]\n",
      " [2 1 3 5 3 1 0]\n",
      " [3 5 1 0 2 1 1]\n",
      " [2 0 5 2 3 0 1]]\n",
      "\n",
      "\n",
      "Matriz de Householder ( passo 0 ):\n",
      " [[ 1.       0.       0.       0.       0.       0.       0.     ]\n",
      " [ 0.       0.15076  0.75378  0.15076  0.30151  0.45227  0.30151]\n",
      " [ 0.       0.75378  0.33096 -0.13381 -0.26762 -0.40143 -0.26762]\n",
      " [ 0.       0.15076 -0.13381  0.97324 -0.05352 -0.08029 -0.05352]\n",
      " [ 0.       0.30151 -0.26762 -0.05352  0.89295 -0.16057 -0.10705]\n",
      " [ 0.       0.45227 -0.40143 -0.08029 -0.16057  0.75914 -0.16057]\n",
      " [ 0.       0.30151 -0.26762 -0.05352 -0.10705 -0.16057  0.89295]]\n",
      "\n",
      "Matriz modificada pela transformação de similaridade ( passo 0 ):\n",
      " [[ 3.      2.4121  0.6342  0.9269  1.8537 -0.2195  1.8537]\n",
      " [ 6.6333  6.841   1.6453  2.3191  3.2812 -0.1285  0.7184]\n",
      " [-0.     -2.2709 -0.4706 -0.4852 -0.4289  0.5078 -0.0418]\n",
      " [-0.      0.7821  2.8466  3.5712  0.8505  1.906   3.1279]\n",
      " [-0.      2.4686 -0.098   4.384   1.1845 -0.4627 -1.2606]\n",
      " [-0.     -0.2168  2.9386  0.3931  1.911   2.7573  1.7433]\n",
      " [-0.      3.2223  0.3454  1.0726  0.5619 -2.3967 -0.8832]]\n",
      "\n",
      "Matriz de Householder acumulada ( passo 0 ):\n",
      " [[ 1.      0.      0.      0.      0.      0.      0.    ]\n",
      " [ 0.      0.1508  0.7538  0.1508  0.3015  0.4523  0.3015]\n",
      " [ 0.      0.7538  0.331  -0.1338 -0.2676 -0.4014 -0.2676]\n",
      " [ 0.      0.1508 -0.1338  0.9732 -0.0535 -0.0803 -0.0535]\n",
      " [ 0.      0.3015 -0.2676 -0.0535  0.893  -0.1606 -0.107 ]\n",
      " [ 0.      0.4523 -0.4014 -0.0803 -0.1606  0.7591 -0.1606]\n",
      " [ 0.      0.3015 -0.2676 -0.0535 -0.107  -0.1606  0.893 ]]\n",
      "\n",
      "\n",
      "Matriz de Householder ( passo 1 ):\n",
      " [[ 1.       0.       0.       0.       0.       0.       0.     ]\n",
      " [ 0.       1.       0.       0.       0.       0.       0.     ]\n",
      " [ 0.       0.      -0.48097  0.16565  0.52284 -0.04592  0.68247]\n",
      " [ 0.       0.       0.16565  0.98147 -0.05848  0.00514 -0.07633]\n",
      " [ 0.       0.       0.52284 -0.05848  0.81542  0.01621 -0.24094]\n",
      " [ 0.       0.      -0.04592  0.00514  0.01621  0.99858  0.02116]\n",
      " [ 0.       0.       0.68247 -0.07633 -0.24094  0.02116  0.6855 ]]\n",
      "\n",
      "Matriz modificada pela transformação de similaridade ( passo 1 ):\n",
      " [[ 3.      2.4121  2.0929  0.7638  1.3387 -0.1743  1.1815]\n",
      " [ 6.6333  6.841   1.8045  2.3013  3.225  -0.1236  0.645 ]\n",
      " [ 0.      4.7216  0.4753  3.8615  1.3583 -1.9411 -0.6782]\n",
      " [ 0.     -0.      1.6466  3.2074  1.0369  2.146   3.7034]\n",
      " [ 0.     -0.      0.3398  2.7631  0.2811  0.4258 -1.3915]\n",
      " [ 0.      0.      0.7328  0.7779  2.7555  2.6121  2.7536]\n",
      " [ 0.     -0.     -0.4664 -0.8884 -0.129  -1.2798 -0.4167]]\n",
      "\n",
      "Matriz de Householder acumulada ( passo 1 ):\n",
      " [[ 1.      0.      0.      0.      0.      0.      0.    ]\n",
      " [ 0.      0.1508  0.0051  0.2346  0.5658  0.4291  0.6465]\n",
      " [ 0.      0.7538 -0.4855 -0.0425  0.0206 -0.4267  0.1087]\n",
      " [ 0.      0.1508  0.1648  0.9398 -0.1589 -0.071  -0.1911]\n",
      " [ 0.      0.3015  0.5211 -0.1417  0.6146 -0.1361 -0.4705]\n",
      " [ 0.      0.4523 -0.0487 -0.1198 -0.2851  0.77   -0.3231]\n",
      " [ 0.      0.3015  0.6807 -0.1596 -0.4418 -0.1312  0.456 ]]\n",
      "\n",
      "\n",
      "Matriz de Householder ( passo 2 ):\n",
      " [[ 1.       0.       0.       0.       0.       0.       0.     ]\n",
      " [ 0.       1.       0.       0.       0.       0.       0.     ]\n",
      " [ 0.       0.       1.       0.       0.       0.       0.     ]\n",
      " [ 0.       0.       0.       0.8701   0.17956  0.38723 -0.24646]\n",
      " [ 0.       0.       0.       0.17956  0.7518  -0.53525  0.34067]\n",
      " [ 0.       0.       0.       0.38723 -0.53525 -0.15431  0.73467]\n",
      " [ 0.       0.       0.      -0.24646  0.34067  0.73467  0.53241]]\n",
      "\n",
      "Matriz modificada pela transformação de similaridade ( passo 2 ):\n",
      " [[ 3.      2.4121  2.0929  0.5463  1.6394  0.4741  0.7688]\n",
      " [ 6.6333  6.841   1.8045  2.3746  3.1237 -0.3421  0.7841]\n",
      " [ 0.      4.7216  0.4753  3.0193  2.5225  0.5695 -2.2761]\n",
      " [ 0.      0.      1.8924  3.9267  1.8862  2.9141  4.3683]\n",
      " [ 0.      0.      0.      1.5367 -0.5719  0.0562 -2.7511]\n",
      " [ 0.      0.      0.     -1.5703  0.506   0.9309  0.3843]\n",
      " [ 0.      0.     -0.      0.7679  1.0791 -0.6921  1.3982]]\n",
      "\n",
      "Matriz de Householder acumulada ( passo 2 ):\n",
      " [[ 1.      0.      0.      0.      0.      0.      0.    ]\n",
      " [ 0.      0.1508  0.0051  0.3125  0.4581  0.1967  0.7944]\n",
      " [ 0.      0.7538 -0.4855 -0.2253  0.2733  0.1182 -0.2381]\n",
      " [ 0.      0.1508  0.1648  0.8088  0.0222  0.3195 -0.4397]\n",
      " [ 0.      0.3015  0.5211  0.0503  0.3492 -0.7085 -0.1062]\n",
      " [ 0.      0.4523 -0.0487  0.2224 -0.7581 -0.25    0.3261]\n",
      " [ 0.      0.3015  0.6807 -0.3814 -0.1352  0.5299  0.0352]]\n",
      "\n",
      "\n",
      "Matriz de Householder ( passo 3 ):\n",
      " [[ 1.       0.       0.       0.       0.       0.       0.     ]\n",
      " [ 0.       1.       0.       0.       0.       0.       0.     ]\n",
      " [ 0.       0.       1.       0.       0.       0.       0.     ]\n",
      " [ 0.       0.       0.       1.       0.       0.       0.     ]\n",
      " [ 0.       0.       0.       0.       0.66025 -0.67469  0.32993]\n",
      " [ 0.       0.       0.       0.      -0.67469 -0.33985  0.65521]\n",
      " [ 0.       0.       0.       0.       0.32993  0.65521  0.67959]]\n",
      "\n",
      "Matriz modificada pela transformação de similaridade ( passo 3 ):\n",
      " [[ 3.      2.4121  2.0929  0.5463  1.0162 -0.7635  1.374 ]\n",
      " [ 6.6333  6.841   1.8045  2.3746  2.5519 -1.4775  1.3393]\n",
      " [ 0.      4.7216  0.4753  3.0193  0.5303 -3.3868 -0.3414]\n",
      " [ 0.      0.      1.8924  3.9267  0.7205  0.5992  5.5003]\n",
      " [ 0.      0.      0.      2.3274 -0.2195 -0.5344 -1.7537]\n",
      " [ 0.      0.      0.      0.      2.0246  1.384   1.5698]\n",
      " [ 0.      0.      0.     -0.      0.5689 -0.4521  0.5927]]\n",
      "\n",
      "Matriz de Householder acumulada ( passo 3 ):\n",
      " [[ 1.      0.      0.      0.      0.      0.      0.    ]\n",
      " [ 0.      0.1508  0.0051  0.3125  0.4318  0.1446  0.8199]\n",
      " [ 0.      0.7538 -0.4855 -0.2253  0.0221 -0.3806  0.0058]\n",
      " [ 0.      0.1508  0.1648  0.8088 -0.346  -0.4117 -0.0822]\n",
      " [ 0.      0.3015  0.5211  0.0503  0.6735 -0.0644 -0.4212]\n",
      " [ 0.      0.4523 -0.0487  0.2224 -0.2243  0.8101 -0.1923]\n",
      " [ 0.      0.3015  0.6807 -0.3814 -0.4352 -0.0658  0.3265]]\n",
      "\n",
      "\n",
      "Matriz de Householder ( passo 4 ):\n",
      " [[ 1.       0.       0.       0.       0.       0.       0.     ]\n",
      " [ 0.       1.       0.       0.       0.       0.       0.     ]\n",
      " [ 0.       0.       1.       0.       0.       0.       0.     ]\n",
      " [ 0.       0.       0.       1.       0.       0.       0.     ]\n",
      " [ 0.       0.       0.       0.       1.       0.       0.     ]\n",
      " [ 0.       0.       0.       0.       0.       0.96272  0.27052]\n",
      " [ 0.       0.       0.       0.       0.       0.27052 -0.96272]]\n",
      "\n",
      "Matriz modificada pela transformação de similaridade ( passo 4 ):\n",
      " [[ 3.      2.4121  2.0929  0.5463  1.0162 -0.3633 -1.5293]\n",
      " [ 6.6333  6.841   1.8045  2.3746  2.5519 -1.0601 -1.6891]\n",
      " [ 0.      4.7216  0.4753  3.0193  0.5303 -3.3529 -0.5875]\n",
      " [ 0.      0.      1.8924  3.9267  0.7205  2.0648 -5.1332]\n",
      " [ 0.      0.      0.      2.3274 -0.2195 -0.9889  1.5438]\n",
      " [ 0.      0.      0.      0.      2.103   1.6172 -1.2819]\n",
      " [ 0.      0.      0.      0.      0.      0.74    0.3595]]\n",
      "\n",
      "Matriz de Householder acumulada ( passo 4 ):\n",
      " [[ 1.      0.      0.      0.      0.      0.      0.    ]\n",
      " [ 0.      0.1508  0.0051  0.3125  0.4318  0.361  -0.7502]\n",
      " [ 0.      0.7538 -0.4855 -0.2253  0.0221 -0.3648 -0.1085]\n",
      " [ 0.      0.1508  0.1648  0.8088 -0.346  -0.4186 -0.0322]\n",
      " [ 0.      0.3015  0.5211  0.0503  0.6735 -0.1759  0.3881]\n",
      " [ 0.      0.4523 -0.0487  0.2224 -0.2243  0.7279  0.4043]\n",
      " [ 0.      0.3015  0.6807 -0.3814 -0.4352  0.025  -0.3321]]\n"
     ]
    }
   ],
   "source": [
    "# Matriz 7x7\n",
    "A = np.array([[3, 2, 1, 1, 2, 0, 2],\n",
    "              [1, 3, 0, 2, 1, 0, 0],\n",
    "              [5, 0, 2, 0, 2, 1, 1],\n",
    "              [1, 5, 0, 3, 0, 0, 2],\n",
    "              [2, 1, 3, 5, 3, 1, 0],\n",
    "              [3, 5, 1, 0, 2, 1, 1],\n",
    "              [2, 0, 5, 2, 3, 0, 1]])\n",
    "matrix, H_acc = householder_method(A)"
   ]
  },
  {
   "cell_type": "code",
   "execution_count": null,
   "id": "888499d1",
   "metadata": {},
   "outputs": [],
   "source": []
  }
 ],
 "metadata": {
  "kernelspec": {
   "display_name": "Python 3 (ipykernel)",
   "language": "python",
   "name": "python3"
  },
  "language_info": {
   "codemirror_mode": {
    "name": "ipython",
    "version": 3
   },
   "file_extension": ".py",
   "mimetype": "text/x-python",
   "name": "python",
   "nbconvert_exporter": "python",
   "pygments_lexer": "ipython3",
   "version": "3.8.13"
  }
 },
 "nbformat": 4,
 "nbformat_minor": 5
}
