{
 "cells": [
  {
   "cell_type": "markdown",
   "id": "61e7ebcc",
   "metadata": {},
   "source": [
    "# Álgebra Linear Computacional - CKP8122 - MDCC - UFC\n",
    "### Francisco Mateus dos Anjos Silva\n",
    "# Método QR para Autovalores e Autovetores"
   ]
  },
  {
   "cell_type": "markdown",
   "id": "9e0574d5",
   "metadata": {},
   "source": [
    "As transformações de Householder são amplamente utilizadas na álgebra linear numérica, para realizar decomposições QR e são o primeiro passo do algoritmo QR. Elas também são amplamente utilizadas para a tridiagonalização de matrizes simétricas e para a transformação de matrizes não-simétricas para a forma de Hessenberg.\n",
    "\n",
    "**Decomposição QR**\n",
    "\n",
    "As transformações de Householder podem ser usadas para calcular a decomposição QR refletindo primeiramente uma coluna de uma matriz sobre um múltiplo de um vetor da base canônica, calculando a matriz de transformação, multiplicando-a com a matriz original e, então, continuando recursivamente com os menores ${\\textstyle (i,i)}$ daquele produto.\n",
    "\n",
    "**Referências:**\n",
    "\n",
    "- https://pt.wikipedia.org/wiki/Transforma%C3%A7%C3%A3o_de_Householder#Decomposi%C3%A7%C3%A3o_QR\n",
    "- https://sites.icmc.usp.br/andretta/ensino/aulas/sme0301-1-10/AutovaloresFrancis.pdf"
   ]
  },
  {
   "cell_type": "code",
   "execution_count": 1,
   "id": "b71aa741",
   "metadata": {},
   "outputs": [],
   "source": [
    "# Implemente o método QR para achar os autovalores e autovetores de matrizes.\n",
    "\n",
    "# I.  Matrizes simétricas\n",
    "#     - Entre com uma matriz simétrica A nxn e uma tolerância\n",
    "#     - Aplique o método QR diretamente sobre a matriz de entrada e encontre a matriz final (Diagonal) contendo os \n",
    "#       autovalores e a matriz acumulada Q = Q1 . Q2 . Q3 . Q4 ... cujas colunas são os autovetores da matriz \n",
    "#       original.\n",
    "#     - Aplique o método de Householder primeiro (primeira caixa preta) e depois o método QR sobre a saída do \n",
    "#       Método de Householder, obtendo a matriz diagonal que contém os autovalores da matriz original. Obtenhas \n",
    "#       os autovetores da matriz original como colunas da matriz P = H Q, onde H é a matriz acumulada de Householder \n",
    "#       e Q é a matriz acumulada no método QR.\n",
    "\n",
    "# II.  Matrizes não simétricas\n",
    "#      - Repita o que foi feito para matrizes simétricas. Porém, a matriz final do método QR é uma matriz Triangular \n",
    "#        Superior e Blocos (BUT).\n",
    "#      - Encontre os autovalores da matriz original, achando os autovalores dos blocos 2x2 ao longo da diagonal da BUT.\n",
    "#      - Ache os autovetores da matriz BUT e, em seguida, os autovetores da matriz original."
   ]
  },
  {
   "cell_type": "code",
   "execution_count": 2,
   "id": "2441a297",
   "metadata": {},
   "outputs": [],
   "source": [
    "import numpy as np\n",
    "import math"
   ]
  },
  {
   "cell_type": "code",
   "execution_count": 3,
   "id": "80a69d47",
   "metadata": {},
   "outputs": [],
   "source": [
    "def mount_householder_matrix(A, j):    \n",
    "    A = A.astype(np.float32)\n",
    "    n_A = len(A)\n",
    "    v = np.zeros(n_A)\n",
    "    w = np.zeros(n_A)\n",
    "    v[j+1:] = A[j+1:,j]\n",
    "    w[j+1] = np.linalg.norm(v)\n",
    "    n = np.array([(v - w) / np.linalg.norm(v - w)])\n",
    "    H = np.identity(n_A) - 2 * (n.T @ n)\n",
    "    H = np.around(H, decimals=5)\n",
    "    return H"
   ]
  },
  {
   "cell_type": "code",
   "execution_count": 4,
   "id": "a850b08e",
   "metadata": {},
   "outputs": [],
   "source": [
    "def householder_method(A):\n",
    "    #print('Matriz original:\\n', A)\n",
    "    n_A = len(A)\n",
    "    H_acc = np.identity(n_A)\n",
    "    matrix = A.copy()\n",
    "    \n",
    "    for j in range(0, n_A - 2):\n",
    "        Hj = mount_householder_matrix(matrix, j)\n",
    "        #print('\\n\\nMatriz de Householder ( passo', j, '):\\n', Hj)\n",
    "\n",
    "        matrix = np.around(Hj @ matrix @ Hj, decimals=4)\n",
    "        #print('\\nMatriz modificada pela transformação de similaridade ( passo', j, '):\\n', matrix)\n",
    "        \n",
    "        H_acc = np.around(H_acc @ Hj, decimals=4)\n",
    "        #print('\\nMatriz de Householder acumulada ( passo', j, '):\\n', H_acc)\n",
    "    \n",
    "    return matrix, H_acc"
   ]
  },
  {
   "cell_type": "code",
   "execution_count": 5,
   "id": "b538bf35",
   "metadata": {},
   "outputs": [],
   "source": [
    "def mount_householder_matrix_to_qr(A, j):\n",
    "    A = A.astype(np.float32)\n",
    "    n_A = len(A)\n",
    "    v = np.zeros(n_A)\n",
    "    w = np.zeros(n_A)\n",
    "    v[j:] = A[j:,j]\n",
    "    w[j] = np.linalg.norm(v)\n",
    "    \n",
    "    if v[j] > 0:\n",
    "        w[j] = -w[j]\n",
    "    n = np.array([(v - w) / np.linalg.norm(v - w)])\n",
    "    H = np.identity(n_A) - 2 * (n.T @ n)\n",
    "    H = np.around(H, decimals=5)\n",
    "    return H"
   ]
  },
  {
   "cell_type": "code",
   "execution_count": 6,
   "id": "2f4fffa2",
   "metadata": {},
   "outputs": [],
   "source": [
    "def qr_decomposition(A):\n",
    "    n_A = len(A)\n",
    "    Q = np.identity(n_A)\n",
    "    R = A.copy()\n",
    "    \n",
    "    for j in range(0, n_A - 1):\n",
    "        Qj = mount_householder_matrix_to_qr(R, j)\n",
    "        R = Qj @ R\n",
    "        Q = Q @ Qj        \n",
    "    return Q, R"
   ]
  },
  {
   "cell_type": "code",
   "execution_count": 7,
   "id": "0bbdce33",
   "metadata": {},
   "outputs": [],
   "source": [
    "def qr_method_eigvalues_eigvectors(A, eps=0.0001):\n",
    "    n_A = len(A)\n",
    "    P = np.identity(n_A)\n",
    "    dif_between_ite = 0\n",
    "    qtd_ite = 0\n",
    "    \n",
    "    while True:\n",
    "        Q, R = qr_decomposition(A)\n",
    "        A = R @ Q\n",
    "        P = P @ Q\n",
    "        \n",
    "        d_A = np.diagonal(A)\n",
    "        norm_d_A = np.linalg.norm(d_A)\n",
    "        \n",
    "        if math.fabs((norm_d_A - dif_between_ite)) <= eps:\n",
    "            break;\n",
    "        else:\n",
    "            dif_between_ite = norm_d_A;\n",
    "        \n",
    "        qtd_ite+=1\n",
    "        \n",
    "        if qtd_ite > 400:\n",
    "            break;\n",
    "      \n",
    "    return A, P"
   ]
  },
  {
   "cell_type": "markdown",
   "id": "c3d25946",
   "metadata": {},
   "source": [
    "## 1. Teste com Matriz Simétrica \n",
    "### 1.1 Autovalores e autovetores usando diretamente o método QR"
   ]
  },
  {
   "cell_type": "code",
   "execution_count": 13,
   "id": "6f74f94f",
   "metadata": {},
   "outputs": [
    {
     "name": "stdout",
     "output_type": "stream",
     "text": [
      "Matriz A:\n",
      " [[ 3 -2  1  1 -2  0  2]\n",
      " [-2  3  0  2  1  0  0]\n",
      " [ 1  0  2  0  2  1  1]\n",
      " [ 1  2  0  3  0  0  2]\n",
      " [-2  1  2  0  3  1  0]\n",
      " [ 0  0  1  0  1  1 -1]\n",
      " [ 2  0  1  2  0 -1  1]]\n",
      "\n",
      "Matriz diagonal D dos autovalores:\n",
      " [[ 6.8117e+00 -2.4058e-05 -1.2620e-05  3.6018e-05 -1.2394e-05  7.8919e-06  8.3890e-06]\n",
      " [-2.4058e-05  5.7796e+00  2.4436e-05 -5.8955e-06 -1.4461e-05 -1.2251e-05  2.4108e-05]\n",
      " [-1.2620e-05  2.4436e-05  4.4530e+00  1.1166e-05 -1.2241e-05 -1.7440e-07  7.9911e-06]\n",
      " [ 3.6018e-05 -5.8955e-06  1.1166e-05 -1.3964e+00 -6.3049e-06  4.3939e-06  4.3558e-06]\n",
      " [-1.2394e-05 -1.4461e-05 -1.2241e-05 -6.3049e-06  1.1325e+00 -6.8122e-02  3.2730e-08]\n",
      " [ 7.8919e-06 -1.2251e-05 -1.7440e-07  4.3939e-06 -6.8122e-02 -1.0338e+00 -2.5359e-06]\n",
      " [ 8.3890e-06  2.4108e-05  7.9911e-06  4.3558e-06  3.2730e-08 -2.5359e-06  2.5376e-01]]\n",
      "\n",
      "Autovalores:\n",
      " [ 6.8117  5.7796  4.453  -1.3964  1.1325 -1.0338  0.2538]\n",
      "\n",
      "Matriz P dos autovetores:\n",
      " [[-0.6536 -0.2096 -0.2395 -0.3057  0.1673 -0.5729 -0.1478]\n",
      " [ 0.4376 -0.4181  0.396   0.0309  0.12   -0.3418 -0.5871]\n",
      " [ 0.0577 -0.2825 -0.6286 -0.1603 -0.0073  0.5094 -0.4863]\n",
      " [-0.0829 -0.687   0.2817 -0.2855  0.2142  0.3253  0.4567]\n",
      " [ 0.5266 -0.2071 -0.4671 -0.1763 -0.2945 -0.4257  0.4032]\n",
      " [ 0.1468 -0.0121 -0.2966  0.4533  0.8081 -0.0855  0.1568]\n",
      " [-0.2688 -0.4318 -0.0717  0.7496 -0.4147 -0.0351  0.0339]]\n",
      "\n",
      "\n",
      "Autovalores (numpy):\n",
      " [ 6.8115  5.7793  4.453  -1.3962 -1.0359  1.1346  0.2538]\n",
      "\n",
      "Autovetores (numpy):\n",
      " [[ 0.6536 -0.2097  0.2395  0.3057 -0.5673  0.1852 -0.1478]\n",
      " [-0.4376 -0.418  -0.3961 -0.0309 -0.3379  0.1307 -0.5871]\n",
      " [-0.0577 -0.2826  0.6286  0.1604  0.5089 -0.0232 -0.4863]\n",
      " [ 0.0829 -0.687  -0.2818  0.2855  0.3318  0.2038  0.4567]\n",
      " [-0.5266 -0.2072  0.4671  0.1763 -0.4347 -0.281   0.4032]\n",
      " [-0.1468 -0.0121  0.2966 -0.4533 -0.06    0.8104  0.1568]\n",
      " [ 0.2688 -0.4318  0.0716 -0.7495 -0.0481 -0.4134  0.0339]]\n",
      "\n",
      "Verificação dos autovalores e autovetores da matriz A:\n",
      "\n",
      "A * P[ 0 ]: [-4.4522  2.9808  0.3927 -0.5648  3.5867  0.9998 -1.8311]\n",
      "lambda[ 0 ] * P[ 0 ]: [-4.4524  2.9809  0.3927 -0.5649  3.5867  0.9999 -1.8312]\n",
      "\n",
      "\n",
      "A * P[ 1 ]: [-1.2117 -2.4161 -1.6328 -3.9704 -1.1973 -0.0699 -2.4955]\n",
      "lambda[ 1 ] * P[ 1 ]: [-1.2116 -2.4162 -1.6327 -3.9707 -1.1972 -0.0699 -2.4957]\n",
      "\n",
      "\n",
      "A * P[ 2 ]: [-1.0664  1.7634 -2.7992  1.2544 -2.0802 -1.3206 -0.3192]\n",
      "lambda[ 2 ] * P[ 2 ]: [-1.0664  1.7635 -2.7991  1.2545 -2.0801 -1.3206 -0.3191]\n",
      "\n",
      "\n",
      "A * P[ 3 ]: [ 0.4268 -0.0431  0.2239  0.3987  0.2461 -0.6329 -1.0466]\n",
      "lambda[ 3 ] * P[ 3 ]: [ 0.4269 -0.0432  0.2239  0.3987  0.2462 -0.633  -1.0467]\n",
      "\n",
      "\n",
      "A * P[ 4 ]: [ 0.2285  0.1592 -0.0429  0.2204 -0.3046  0.921  -0.4672]\n",
      "lambda[ 4 ] * P[ 4 ]: [ 0.1894  0.1359 -0.0082  0.2425 -0.3336  0.9152 -0.4696]\n",
      "\n",
      "\n",
      "A * P[ 5 ]: [ 0.5808  0.3452 -0.5261 -0.3509  0.4601  0.0333  0.0646]\n",
      "lambda[ 5 ] * P[ 5 ]: [ 0.5922  0.3533 -0.5266 -0.3363  0.4401  0.0884  0.0363]\n",
      "\n",
      "\n",
      "A * P[ 6 ]: [-0.0375 -0.149  -0.1234  0.1159  0.1023  0.0398  0.0086]\n",
      "lambda[ 6 ] * P[ 6 ]: [-0.0375 -0.149  -0.1234  0.1159  0.1023  0.0398  0.0086]\n",
      "\n",
      "\n"
     ]
    }
   ],
   "source": [
    "np.set_printoptions(precision=4, linewidth=300)\n",
    "\n",
    "# Matriz 7x7\n",
    "A = np.array([[ 3,-2, 1, 1,-2, 0, 2],\n",
    "              [-2, 3, 0, 2, 1, 0, 0],\n",
    "              [ 1, 0, 2, 0, 2, 1, 1],\n",
    "              [ 1, 2, 0, 3, 0, 0, 2],\n",
    "              [-2, 1, 2, 0, 3, 1, 0],\n",
    "              [ 0, 0, 1, 0, 1, 1,-1],\n",
    "              [ 2, 0, 1, 2, 0,-1, 1]])\n",
    "\n",
    "D, P = qr_method_eigvalues_eigvectors(A)\n",
    "\n",
    "print('Matriz A:\\n', A)\n",
    "print('\\nMatriz diagonal D dos autovalores:\\n', D)\n",
    "print('\\nAutovalores:\\n', np.diagonal(D))\n",
    "print('\\nMatriz P dos autovetores:\\n', P)\n",
    "\n",
    "print('\\n\\nAutovalores (numpy):\\n',np.linalg.eigvals(A))\n",
    "print('\\nAutovetores (numpy):\\n',np.linalg.eig(A)[1])\n",
    "\n",
    "print('\\nVerificação dos autovalores e autovetores da matriz A:\\n')\n",
    "for i in range(0,len(A)):\n",
    "    print('A * P[',i,']:', A @ P[:,i])\n",
    "    print('lambda[',i,'] * P[',i,']:', D[i,i] * P[:,i])\n",
    "    print('\\n')"
   ]
  },
  {
   "cell_type": "markdown",
   "id": "f1cc2827",
   "metadata": {},
   "source": [
    "### 1.2 Autovalores e autovetores usando a transformação de Householder antes do método QR"
   ]
  },
  {
   "cell_type": "code",
   "execution_count": 9,
   "id": "b62e9427",
   "metadata": {},
   "outputs": [
    {
     "name": "stdout",
     "output_type": "stream",
     "text": [
      "Matriz A:\n",
      " [[ 3 -2  1  1 -2  0  2]\n",
      " [-2  3  0  2  1  0  0]\n",
      " [ 1  0  2  0  2  1  1]\n",
      " [ 1  2  0  3  0  0  2]\n",
      " [-2  1  2  0  3  1  0]\n",
      " [ 0  0  1  0  1  1 -1]\n",
      " [ 2  0  1  2  0 -1  1]]\n",
      "\n",
      "Matriz A após transformação de Householder (tridiagonal):\n",
      " [[ 3.      3.7416  0.      0.      0.      0.      0.    ]\n",
      " [ 3.7416  2.6428  1.1089  0.      0.      0.      0.    ]\n",
      " [ 0.      1.1089  3.1123  2.1448  0.      0.      0.    ]\n",
      " [ 0.      0.      2.1448  2.2208  1.5165  0.      0.    ]\n",
      " [ 0.      0.      0.      1.5165  1.9329  2.8556 -0.    ]\n",
      " [ 0.      0.      0.      0.      2.8556  2.7001  0.9078]\n",
      " [ 0.      0.      0.      0.     -0.      0.9078  0.391 ]]\n",
      "\n",
      "Matriz diagonal dos autovalores:\n",
      " [[ 6.8115e+00  3.3305e-04  2.0028e-06 -1.9113e-06  2.6663e-06  6.8482e-06 -6.9225e-07]\n",
      " [ 3.3305e-04  5.7794e+00 -6.9930e-05  3.4435e-06  1.4642e-05 -4.6124e-06  3.3665e-06]\n",
      " [ 2.0028e-06 -6.9930e-05  4.4530e+00  1.5249e-06 -5.0204e-06 -1.5190e-06  1.1015e-06]\n",
      " [-1.9113e-06  3.4435e-06  1.5249e-06 -1.3961e+00  6.6608e-05 -5.8402e-07 -1.6943e-06]\n",
      " [ 2.6663e-06  1.4642e-05 -5.0204e-06  6.6608e-05  1.1324e+00  6.9165e-02  1.0499e-06]\n",
      " [ 6.8482e-06 -4.6124e-06 -1.5190e-06 -5.8402e-07  6.9165e-02 -1.0336e+00 -2.0391e-06]\n",
      " [-6.9225e-07  3.3665e-06  1.1015e-06 -1.6943e-06  1.0499e-06 -2.0391e-06  2.5361e-01]]\n",
      "\n",
      "Autovalores:\n",
      " [ 6.8115  5.7794  4.453  -1.3961  1.1324 -1.0336  0.2536]\n",
      "\n",
      "Matriz dos autovetores: \n",
      "  [[ 0.6537 -0.2096 -0.2395  0.3058  0.2032 -0.5611  0.1479]\n",
      " [-0.4375 -0.418   0.3961 -0.0308  0.1414 -0.3335  0.5872]\n",
      " [-0.0576 -0.2827 -0.6285  0.1601 -0.0395  0.5079  0.4863]\n",
      " [ 0.0832 -0.6868  0.2819  0.2854  0.193   0.3382 -0.4567]\n",
      " [-0.5265 -0.2074 -0.467   0.1764 -0.267  -0.4434 -0.4031]\n",
      " [-0.1468 -0.0122 -0.2966 -0.4533  0.812  -0.0343 -0.1568]\n",
      " [ 0.2689 -0.4319 -0.0715 -0.7496 -0.4116 -0.0614 -0.0338]]\n",
      "\n",
      "\n",
      "Verificação dos autovalores e autovetores da matriz A:\n",
      "\n",
      "\n",
      "A * eigvectors_matrix[ 0 ]: [ 4.4524 -2.98   -0.3924  0.5659 -3.5863 -0.9998  1.8318]\n",
      "lambda[ 0 ] * eigvectors_matrix[ 0 ]: [ 4.4525 -2.98   -0.3921  0.5664 -3.5864 -1.      1.8315]\n",
      "\n",
      "A * eigvectors_matrix[ 1 ]: [-1.211  -2.416  -1.6339 -3.9697 -1.1988 -0.0705 -2.4951]\n",
      "lambda[ 1 ] * eigvectors_matrix[ 1 ]: [-1.2112 -2.4159 -1.6337 -3.9693 -1.1988 -0.0706 -2.4959]\n",
      "\n",
      "A * eigvectors_matrix[ 2 ]: [-1.0662  1.7641 -2.7986  1.2555 -2.0797 -1.3206 -0.3186]\n",
      "lambda[ 2 ] * eigvectors_matrix[ 2 ]: [-1.0663  1.764  -2.7987  1.2553 -2.0798 -1.3206 -0.3184]\n",
      "\n",
      "A * eigvectors_matrix[ 3 ]: [-0.4273  0.043  -0.2239 -0.3989 -0.2462  0.6329  1.0462]\n",
      "lambda[ 3 ] * eigvectors_matrix[ 3 ]: [-0.427   0.043  -0.2236 -0.3984 -0.2463  0.6328  1.0465]\n",
      "\n",
      "A * eigvectors_matrix[ 4 ]: [ 0.191   0.137  -0.0095  0.2419 -0.333   0.917  -0.4707]\n",
      "lambda[ 4 ] * eigvectors_matrix[ 4 ]: [ 0.2301  0.1601 -0.0447  0.2186 -0.3023  0.9195 -0.4661]\n",
      "\n",
      "A * eigvectors_matrix[ 5 ]: [ 0.5937  0.3547 -0.5277 -0.3364  0.4401  0.0917  0.0349]\n",
      "lambda[ 5 ] * eigvectors_matrix[ 5 ]: [ 0.5799  0.3447 -0.5249 -0.3495  0.4582  0.0354  0.0635]\n",
      "\n",
      "A * eigvectors_matrix[ 6 ]: [ 0.0374  0.1493  0.1235 -0.1156 -0.1022 -0.0398 -0.0084]\n",
      "lambda[ 6 ] * eigvectors_matrix[ 6 ]: [ 0.0375  0.1489  0.1233 -0.1158 -0.1022 -0.0398 -0.0086]\n",
      "\n",
      "Autovalores (numpy): [ 6.8115  5.7793  4.453  -1.3962 -1.0359  1.1346  0.2538]\n",
      "\n",
      "Autovetores (numpy):\n",
      " [[ 0.6536 -0.2097  0.2395  0.3057 -0.5673  0.1852 -0.1478]\n",
      " [-0.4376 -0.418  -0.3961 -0.0309 -0.3379  0.1307 -0.5871]\n",
      " [-0.0577 -0.2826  0.6286  0.1604  0.5089 -0.0232 -0.4863]\n",
      " [ 0.0829 -0.687  -0.2818  0.2855  0.3318  0.2038  0.4567]\n",
      " [-0.5266 -0.2072  0.4671  0.1763 -0.4347 -0.281   0.4032]\n",
      " [-0.1468 -0.0121  0.2966 -0.4533 -0.06    0.8104  0.1568]\n",
      " [ 0.2688 -0.4318  0.0716 -0.7495 -0.0481 -0.4134  0.0339]]\n"
     ]
    }
   ],
   "source": [
    "np.set_printoptions(precision=4, linewidth=300)\n",
    "\n",
    "# Matriz 7x7\n",
    "A = np.array([[ 3,-2, 1, 1,-2, 0, 2],\n",
    "              [-2, 3, 0, 2, 1, 0, 0],\n",
    "              [ 1, 0, 2, 0, 2, 1, 1],\n",
    "              [ 1, 2, 0, 3, 0, 0, 2],\n",
    "              [-2, 1, 2, 0, 3, 1, 0],\n",
    "              [ 0, 0, 1, 0, 1, 1,-1],\n",
    "              [ 2, 0, 1, 2, 0,-1, 1]])\n",
    "print('Matriz A:\\n', A)\n",
    "\n",
    "matrix, H_acc = householder_method(A)\n",
    "print('\\nMatriz A após transformação de Householder (tridiagonal):\\n',matrix)\n",
    "\n",
    "D2, P2 = qr_method_eigvalues_eigvectors(matrix)\n",
    "eigvectors_matrix = H_acc @ P2\n",
    "print('\\nMatriz diagonal dos autovalores:\\n', D2)\n",
    "print('\\nAutovalores:\\n', np.diagonal(D2))\n",
    "print('\\nMatriz dos autovetores: \\n ', eigvectors_matrix)\n",
    "\n",
    "print('\\n\\nVerificação dos autovalores e autovetores da matriz A:\\n')\n",
    "\n",
    "for i in range(0, len(A)):\n",
    "    print('\\nA * eigvectors_matrix[',i,']:', A @ eigvectors_matrix[:,i])\n",
    "    print('lambda[',i,'] * eigvectors_matrix[',i,']:', D2[i,i] * eigvectors_matrix[:,i])\n",
    "\n",
    "print('\\nAutovalores (numpy):', np.linalg.eigvals(A))\n",
    "print('\\nAutovetores (numpy):\\n', np.linalg.eig(A)[1])"
   ]
  },
  {
   "cell_type": "markdown",
   "id": "88c3194f",
   "metadata": {},
   "source": [
    "## 2. Teste com Matriz Não Simétrica \n",
    "### 2.1 Autovalores e autovetores usando a transformação de Householder antes do método QR"
   ]
  },
  {
   "cell_type": "code",
   "execution_count": 10,
   "id": "00743b92",
   "metadata": {},
   "outputs": [
    {
     "name": "stdout",
     "output_type": "stream",
     "text": [
      "Matriz A:\n",
      " [[ 3 -2  1 -1  2  0  2]\n",
      " [ 1  3  0  2  1  0  0]\n",
      " [ 5  0  2  0  2  1  1]\n",
      " [ 1  5  0  3  0  0  2]\n",
      " [ 2  1  3  5  3  1  0]\n",
      " [ 3  5  1  0  2  1  1]\n",
      " [ 2  0  5  2 -3  0  1]]\n",
      "\n",
      "Matriz A após transformação de Householder (Hessenberg):\n",
      " [[ 1.      0.      0.      0.      0.      0.      0.    ]\n",
      " [ 0.      0.1508  0.0287  0.2266  0.5509  0.0987 -0.7823]\n",
      " [ 0.      0.7538 -0.5093 -0.0396 -0.0176 -0.4098  0.051 ]\n",
      " [ 0.      0.1508  0.2329  0.3283 -0.7902 -0.0637 -0.432 ]\n",
      " [ 0.      0.3015  0.7107  0.3464  0.2598 -0.3327  0.3255]\n",
      " [ 0.      0.4523  0.0046  0.1996 -0.0245  0.8368  0.2334]\n",
      " [ 0.      0.3015  0.4249 -0.8243 -0.0593  0.0843 -0.1962]]\n",
      "\n",
      "Matriz Q gerada pela decomposição QR da matriz de Hessenberg obtida:\n",
      " [[ 8.9457e+00  2.6880e+00 -2.7957e+00 -2.5814e+00  2.5945e+00 -1.9253e+00  2.8625e+00]\n",
      " [-3.3735e-05  5.5119e+00  2.5506e+00 -1.2269e+00  9.9832e-01  6.5620e-01 -1.5478e+00]\n",
      " [-2.0143e-05  2.1983e-05  3.6063e+00  5.9101e-02 -1.4011e+00 -2.7534e+00 -2.6061e+00]\n",
      " [ 1.8844e-07 -7.3009e-06  6.1448e-06 -1.6017e+00  2.4560e+00  3.2699e+00 -1.1252e+00]\n",
      " [-1.2090e-05 -1.5491e-05 -8.4733e-06 -4.7396e-01 -1.2714e+00 -1.6958e+00 -2.1213e+00]\n",
      " [-2.5459e-05 -2.3449e-06  5.2221e-06  3.3056e-05 -2.9763e-01 -9.0826e-01  4.2499e+00]\n",
      " [-1.1324e-05  9.4711e-06  5.3573e-06  1.1567e-05 -2.1149e-04 -1.1820e+00  1.7177e+00]]\n",
      "\n",
      "Autovalores (numpy):\n",
      " [ 8.9454+0.j     -1.6097+1.0987j -1.6097-1.0987j  0.578 +1.8496j  0.578 -1.8496j  5.512 +0.j      3.6062+0.j    ]\n",
      "\n",
      "Autovetores (numpy):\n",
      " [[ 0.2073+0.j     -0.4013-0.2013j -0.4013+0.2013j -0.2839+0.077j  -0.2839-0.077j  -0.2582+0.j     -0.1678+0.j    ]\n",
      " [ 0.2381+0.j      0.1009+0.0945j  0.1009-0.0945j  0.062 +0.2279j  0.062 -0.2279j  0.3617+0.j      0.229 +0.j    ]\n",
      " [ 0.4208+0.j      0.1531+0.3278j  0.1531-0.3278j  0.1826+0.2254j  0.1826-0.2254j -0.0244+0.j      0.1753+0.j    ]\n",
      " [ 0.2847+0.j     -0.2525-0.119j  -0.2525+0.119j  -0.0823-0.2582j -0.0823+0.2582j  0.275 +0.j     -0.1241+0.j    ]\n",
      " [ 0.639 +0.j      0.3377+0.1146j  0.3377-0.1146j -0.1232+0.002j  -0.1232-0.002j   0.6167+0.j      0.5547+0.j    ]\n",
      " [ 0.4605+0.j     -0.1776-0.2378j -0.1776+0.2378j  0.664 +0.j      0.664 -0.j      0.4018+0.j      0.5373+0.j    ]\n",
      " [ 0.1474+0.j      0.596 +0.j      0.596 -0.j      0.3254-0.3717j  0.3254+0.3717j -0.4296+0.j     -0.5262+0.j    ]]\n",
      "\n",
      "Cálculo dos autovalores a partir dos blocos da matriz de Hessenberg:\n",
      "\n",
      "\n",
      "Hessenberg[ 0 , 0 ] é autovalor: 8.945662629378424\n",
      "\n",
      "Hessenberg[ 1 , 1 ] é autovalor: 5.511947442257849\n",
      "\n",
      "Hessenberg[ 2 , 2 ] é autovalor: 3.6063200547225978\n",
      "\n",
      "Matrizes para cálculo de autovalores:\n",
      " [[-1.6017  2.456 ]\n",
      " [-0.474  -1.2714]]\n",
      "\n",
      "Raízes da equação (autovalores):\n",
      " [-1.4365+1.0662j -1.4365-1.0662j]\n",
      "\n",
      "Matrizes para cálculo de autovalores:\n",
      " [[-0.9083  4.2499]\n",
      " [-1.182   1.7177]]\n",
      "\n",
      "Raízes da equação (autovalores):\n",
      " [0.4047+1.8165j 0.4047-1.8165j]\n"
     ]
    }
   ],
   "source": [
    "np.set_printoptions(precision=4, linewidth=300)\n",
    "\n",
    "# Matriz 7x7\n",
    "A = np.array([[3,-2, 1,-1, 2, 0, 2],\n",
    "              [1, 3, 0, 2, 1, 0, 0],\n",
    "              [5, 0, 2, 0, 2, 1, 1],\n",
    "              [1, 5, 0, 3, 0, 0, 2],\n",
    "              [2, 1, 3, 5, 3, 1, 0],\n",
    "              [3, 5, 1, 0, 2, 1, 1],\n",
    "              [2, 0, 5, 2,-3, 0, 1]])\n",
    "print('Matriz A:\\n', A)\n",
    "\n",
    "matrix, H_acc = householder_method(A)\n",
    "print('\\nMatriz A após transformação de Householder (Hessenberg):\\n',H_acc)\n",
    "\n",
    "Q3, R3 = qr_method_eigvalues_eigvectors(matrix)\n",
    "print('\\nMatriz Q gerada pela decomposição QR da matriz de Hessenberg obtida:\\n', Q3)\n",
    "print('\\nAutovalores (numpy):\\n',np.linalg.eigvals(A))\n",
    "print('\\nAutovetores (numpy):\\n',np.linalg.eig(A)[1])\n",
    "\n",
    "print('\\nCálculo dos autovalores a partir dos blocos da matriz de Hessenberg:\\n')\n",
    "diag_index = 0\n",
    "while diag_index < (len(Q3)-1):\n",
    "    # Se o valor abaixo é aproximadamente zero, então o elemento é autovalor\n",
    "    if np.isclose(Q3[diag_index+1,diag_index], 0.0, rtol=0, atol=1e-04):\n",
    "        print('\\nHessenberg[',diag_index,',',diag_index,'] é autovalor:', Q3[diag_index,diag_index])\n",
    "        diag_index+=1\n",
    "    # Caso contrário, os autovalores são as raízes do polinômio característico da matriz bloco 2x2\n",
    "    else:\n",
    "        print('\\nMatrizes para cálculo de autovalores:\\n', Q3[diag_index:diag_index+2,diag_index:diag_index+2])\n",
    "        coeff = [1, \n",
    "                 -(Q3[diag_index,diag_index] + Q3[diag_index+1,diag_index+1]), \n",
    "                 (Q3[diag_index,diag_index] * Q3[diag_index+1,diag_index+1] - Q3[diag_index+1,diag_index] * Q3[diag_index,diag_index+1])]\n",
    "        print('\\nRaízes da equação (autovalores):\\n', np.roots(coeff))\n",
    "        diag_index+=2\n",
    "        \n",
    "# Pega o último elemento da diagonal caso ele tenha sobrado\n",
    "if diag_index == (len(Q3)-1):\n",
    "    print('\\nHessenberg[',diag_index,',',diag_index,'] é autovalor:', Q3[diag_index,diag_index])"
   ]
  },
  {
   "cell_type": "code",
   "execution_count": null,
   "id": "f418fc69",
   "metadata": {},
   "outputs": [],
   "source": []
  }
 ],
 "metadata": {
  "kernelspec": {
   "display_name": "Python 3 (ipykernel)",
   "language": "python",
   "name": "python3"
  },
  "language_info": {
   "codemirror_mode": {
    "name": "ipython",
    "version": 3
   },
   "file_extension": ".py",
   "mimetype": "text/x-python",
   "name": "python",
   "nbconvert_exporter": "python",
   "pygments_lexer": "ipython3",
   "version": "3.8.13"
  }
 },
 "nbformat": 4,
 "nbformat_minor": 5
}
