{
 "cells": [
  {
   "cell_type": "markdown",
   "id": "61e7ebcc",
   "metadata": {},
   "source": [
    "# Álgebra Linear Computacional - CKP8122 - MDCC - UFC\n",
    "### Francisco Mateus dos Anjos Silva\n",
    "# Decomposição SVD"
   ]
  },
  {
   "cell_type": "markdown",
   "id": "9e0574d5",
   "metadata": {},
   "source": [
    "Em álgebra linear, a **decomposição em valores singulares** ou singular value decomposition (SVD) é a fatoração de uma matriz real ou complexa, com diversas aplicações importantes em processamento de sinais e estatística.\n",
    "\n",
    "Formalmente, a decomposição em valores singulares de uma matriz m×n real ou complexa $M$ é uma fatoração ou fatorização na forma:\n",
    "\n",
    "${\\displaystyle M=U\\Sigma V^{*}}$,\n",
    "\n",
    "onde U é uma matriz unitária m×m real ou complexa, Σ é uma matriz retangular diagonal m×n com números reais não-negativos na diagonal, e V* (a conjugada transposta de V) é uma matriz unitária n×n real ou complexa. \n",
    "As entradas diagonais Σi,i de Σ são os chamados valores singulares de M. As m colunas de U e as n colunas de V são os chamados vetores singulares à esquerda e vetores singulares à direita de M, respetivamente.\n",
    "\n",
    "A decomposição em valores singulares e a decomposição em autovalores são intimamente relacionadas. Mais especificamente:\n",
    "\n",
    "- Os vetores singulares à esquerda de M são autovetores de {\\displaystyle MM^{*}.}MM^{*}.\n",
    "- Os vetores singulares à direita de M são autovetores de {\\displaystyle M^{*}M.}M^{*}M.\n",
    "- Os valores singulares não-nulos de M (ao longo da diagonal de Σ) são as raízes quadradas dos autovalores não-nulos de ${\\displaystyle M^{*}M}$ ou ${\\displaystyle MM^{*}}$.\n",
    "\n",
    "Dentre as aplicações que envolvem a SVD estão o cálculo da pseudoinversa, o ajuste (*fitting*) de dados por mínimos quadrados, aproximação de matrizes, e a determinação do posto, imagem e núcleo de uma matriz.\n",
    "\n",
    "**Referências:**\n",
    "\n",
    "- https://pt.wikipedia.org/wiki/Decomposi%C3%A7%C3%A3o_em_valores_singulares"
   ]
  },
  {
   "cell_type": "code",
   "execution_count": 1,
   "id": "b71aa741",
   "metadata": {},
   "outputs": [],
   "source": [
    "# Implementar o a decomposição SVD de uma matriz qualquer A mxn\n",
    "\n",
    "# 1) Entrar com a matriz\n",
    "# 2) Encontrar e imprimir as matrizes U, Sigma e V\n",
    "# 3) Mostrar que o produto U . Sigma . V^T  = A\n",
    "\n",
    "# Obs.: Quando necessário, use extensão de base e ortogonalização de Gram-Schmidt para encontrar U ou V completas."
   ]
  },
  {
   "cell_type": "code",
   "execution_count": 2,
   "id": "2441a297",
   "metadata": {},
   "outputs": [],
   "source": [
    "import numpy as np\n",
    "import math\n",
    "from functions_for_svd import nullspace, gram_schmidt, normalize_basis, qr_method_eigvalues_eigvectors"
   ]
  },
  {
   "cell_type": "code",
   "execution_count": 3,
   "id": "0bbdce33",
   "metadata": {},
   "outputs": [],
   "source": [
    "# Estender a base\n",
    "def extended_basis(A):\n",
    "    n_A = len(A)\n",
    "    m_A = len(A[0])\n",
    "    \n",
    "    basis = np.array([A[0]])\n",
    "    for i in range(1, n_A):\n",
    "        basis = np.append(arr=basis, values=[A[i]], axis=0)\n",
    "\n",
    "    nullspace_a = nullspace(A)\n",
    "    nullspace_a = normalize_basis(nullspace_a)\n",
    "\n",
    "    if not nullspace_a is None:\n",
    "        basis = np.append(arr=basis, values=nullspace_a, axis=0)\n",
    "    return basis"
   ]
  },
  {
   "cell_type": "code",
   "execution_count": 4,
   "id": "355b4426",
   "metadata": {},
   "outputs": [],
   "source": [
    "def svd_decomposition(A):\n",
    "    n_A = len(A)\n",
    "    m_A = len(A[0])\n",
    "    AT_A = A.T @ A\n",
    "    D, P = qr_method_eigvalues_eigvectors(AT_A)\n",
    "    \n",
    "    V = P\n",
    "    U = None \n",
    "    sigma = np.zeros((n_A, m_A))\n",
    "    \n",
    "    for i in range(0, len(sigma)):\n",
    "        if i < len(D) and D[i,i] != 0:\n",
    "            sigma[i,i] = np.sqrt(D[i,i])\n",
    "    \n",
    "    if n_A < m_A:\n",
    "        sigma_inverse = sigma.T.copy()\n",
    "        \n",
    "        for j in range(len(sigma)):\n",
    "            if j < len(sigma[0]):\n",
    "                sigma_inverse[j,j] = 1 / sigma_inverse[j,j]\n",
    "                \n",
    "        U = A @ V @ sigma_inverse\n",
    "           \n",
    "    if n_A >= m_A:\n",
    "        U = A @ V\n",
    "        \n",
    "        for j in range(0,len(U[0])):\n",
    "            if j < len(sigma) and sigma[j,j] != 0:\n",
    "                U[:,j] = U[:,j] * (1/sigma[j,j])\n",
    "                \n",
    "        if n_A > m_A:\n",
    "            U = extended_basis(U.T).T\n",
    "            \n",
    "    return U, sigma, V.T"
   ]
  },
  {
   "cell_type": "markdown",
   "id": "76b51a27",
   "metadata": {},
   "source": [
    "### Teste com matriz n < m"
   ]
  },
  {
   "cell_type": "code",
   "execution_count": 8,
   "id": "bfa629f9",
   "metadata": {},
   "outputs": [
    {
     "name": "stdout",
     "output_type": "stream",
     "text": [
      "\n",
      "Matriz A:\n",
      " [[ 3 -2  1 -1  2]\n",
      " [ 1  3  0  2  1]\n",
      " [ 5  0  2  0  2]\n",
      " [ 1  5  0  3  0]]\n",
      "\n",
      "V.T:\n",
      " [[ 7.7439e-01  3.8452e-01  2.5332e-01  2.5086e-01  3.5404e-01]\n",
      " [-3.6566e-01  7.6210e-01 -1.8810e-01  4.5216e-01 -2.1367e-01]\n",
      " [ 2.6422e-01  1.0248e-01  4.0804e-01 -1.8952e-01 -8.4692e-01]\n",
      " [-4.4360e-01  1.0409e-01  8.4033e-01 -4.7661e-02  2.8975e-01]\n",
      " [-3.9433e-06  5.0000e-01 -1.6667e-01 -8.3333e-01  1.6667e-01]]\n",
      "\n",
      "V.T (numpy):\n",
      " [[ 3.1265e-01  8.0257e-01  5.5288e-02  4.9269e-01  1.1105e-01]\n",
      " [ 7.9728e-01 -2.9077e-01  3.1065e-01 -1.5693e-01  3.9833e-01]\n",
      " [ 2.6421e-01  1.0248e-01  4.0806e-01 -1.8950e-01 -8.4691e-01]\n",
      " [-4.4360e-01  1.0409e-01  8.4033e-01 -4.7661e-02  2.8975e-01]\n",
      " [ 1.9329e-15  5.0000e-01 -1.6667e-01 -8.3333e-01  1.6667e-01]]\n",
      "\n",
      "Sigma:\n",
      " [[7.117  0.     0.     0.     0.    ]\n",
      " [0.     7.0997 0.     0.     0.    ]\n",
      " [0.     0.     0.9626 0.     0.    ]\n",
      " [0.     0.     0.     0.1235 0.    ]]\n",
      "\n",
      "Sigma (numpy):\n",
      " [[7.2541 0.     0.     0.     0.    ]\n",
      " [0.     6.9596 0.     0.     0.    ]\n",
      " [0.     0.     0.9626 0.     0.    ]\n",
      " [0.     0.     0.     0.1235 0.    ]]\n",
      "\n",
      "U:\n",
      " [[ 0.3182 -0.5196 -0.5283 -0.579 ]\n",
      " [ 0.3911  0.3678 -0.6797  0.511 ]\n",
      " [ 0.7147 -0.3707  0.4606  0.3414]\n",
      " [ 0.4847  0.6763  0.2162 -0.5357]]\n",
      "\n",
      "U (numpy):\n",
      " [[-0.1217  0.6089 -0.5284 -0.579 ]\n",
      " [ 0.5262  0.0014 -0.6797  0.5111]\n",
      " [ 0.2614  0.7765  0.4606  0.3414]\n",
      " [ 0.8    -0.162   0.2162 -0.5357]]\n",
      "\n",
      "Matriz A:\n",
      " [[ 3 -2  1 -1  2]\n",
      " [ 1  3  0  2  1]\n",
      " [ 5  0  2  0  2]\n",
      " [ 1  5  0  3  0]]\n",
      "\n",
      "Verificação A = U * Sigma * V.T:\n",
      " [[ 2.9999e+00 -2.0000e+00  9.9997e-01 -1.0000e+00  2.0000e+00]\n",
      " [ 9.9997e-01  3.0000e+00  1.9604e-05  2.0000e+00  9.9997e-01]\n",
      " [ 4.9999e+00  8.2669e-06  1.9999e+00 -1.3886e-05  1.9999e+00]\n",
      " [ 9.9998e-01  5.0000e+00  2.0889e-05  3.0000e+00 -4.6443e-05]]\n",
      "\n",
      "Verificação A = U * Sigma * V.T (numpy):\n",
      " [[ 3.0000e+00 -2.0000e+00  1.0000e+00 -1.0000e+00  2.0000e+00]\n",
      " [ 1.0000e+00  3.0000e+00 -9.7599e-09  2.0000e+00  1.0000e+00]\n",
      " [ 5.0000e+00 -1.0522e-08  2.0000e+00 -1.0647e-08  2.0000e+00]\n",
      " [ 1.0000e+00  5.0000e+00 -1.1972e-09  3.0000e+00 -1.2158e-08]]\n"
     ]
    }
   ],
   "source": [
    "np.set_printoptions(precision=4)\n",
    "\n",
    "# Matriz 4x5\n",
    "A = np.array([[3,-2, 1,-1, 2],\n",
    "              [1, 3, 0, 2, 1],\n",
    "              [5, 0, 2, 0, 2],\n",
    "              [1, 5, 0, 3, 0]])\n",
    "\n",
    "print('\\nMatriz A:\\n', A)\n",
    "\n",
    "U, sigma, V_T = svd_decomposition(A)\n",
    "U_numpy, sigma_numpy_v, V_T_numpy = np.linalg.svd(A)\n",
    "\n",
    "sigma_numpy = np.zeros((len(A), len(A[0])), dtype=np.float32)\n",
    "for i in range(0, len(sigma_numpy_v)):\n",
    "    sigma_numpy[i,i] = sigma_numpy_v[i]\n",
    "\n",
    "print('\\nV.T:\\n', V_T)\n",
    "print('\\nV.T (numpy):\\n', V_T_numpy)\n",
    "\n",
    "print('\\nSigma:\\n', sigma)\n",
    "print('\\nSigma (numpy):\\n', sigma_numpy)\n",
    "\n",
    "print('\\nU:\\n', U)\n",
    "print('\\nU (numpy):\\n', U_numpy)\n",
    "\n",
    "print('\\nMatriz A:\\n', A)\n",
    "print('\\nVerificação A = U * Sigma * V.T:\\n', (U @ sigma @ V_T))\n",
    "print('\\nVerificação A = U * Sigma * V.T (numpy):\\n', (U_numpy @ sigma_numpy @ V_T_numpy))"
   ]
  },
  {
   "cell_type": "markdown",
   "id": "78b403ec",
   "metadata": {},
   "source": [
    "### Teste com matriz n = m"
   ]
  },
  {
   "cell_type": "code",
   "execution_count": 6,
   "id": "0092403a",
   "metadata": {},
   "outputs": [
    {
     "name": "stdout",
     "output_type": "stream",
     "text": [
      "\n",
      "Matriz A:\n",
      " [[ 3 -2  1 -1]\n",
      " [ 1  3  0  2]\n",
      " [ 5  0  2  0]\n",
      " [ 1  5  0  3]]\n",
      "\n",
      "V.T:\n",
      " [[ 0.1818  0.8396  0.0053  0.5118]\n",
      " [-0.9212  0.156  -0.3486  0.0748]\n",
      " [-0.2737  0.3355  0.7745 -0.4612]\n",
      " [-0.2086 -0.3977  0.5278  0.721 ]]\n",
      "\n",
      "V.T (numpy):\n",
      " [[-0.1642 -0.8424  0.0013 -0.5131]\n",
      " [ 0.9244 -0.1401  0.3487 -0.065 ]\n",
      " [ 0.2737 -0.3355 -0.7745  0.4612]\n",
      " [ 0.2086  0.3977 -0.5278 -0.721 ]]\n",
      "\n",
      "Sigma:\n",
      " [[7.2387 0.     0.     0.    ]\n",
      " [0.     6.3611 0.     0.    ]\n",
      " [0.     0.     0.367  0.    ]\n",
      " [0.     0.     0.     0.0592]]\n",
      "\n",
      "Sigma (numpy):\n",
      " [[7.239  0.     0.     0.    ]\n",
      " [0.     6.3608 0.     0.    ]\n",
      " [0.     0.     0.367  0.    ]\n",
      " [0.     0.     0.     0.0592]]\n",
      "\n",
      "U:\n",
      " [[-0.2266 -0.5501 -0.6989 -0.3988]\n",
      " [ 0.5145 -0.0477 -0.5166  0.6826]\n",
      " [ 0.127  -0.8337  0.4915  0.2146]\n",
      " [ 0.8172  0.0131  0.0551 -0.5736]]\n",
      "\n",
      "U (numpy):\n",
      " [[ 0.2358  0.5451  0.6989  0.3986]\n",
      " [-0.5136  0.0588  0.5166 -0.6825]\n",
      " [-0.1131  0.8363 -0.4916 -0.2149]\n",
      " [-0.8172  0.0046 -0.0551  0.5737]]\n",
      "\n",
      "Matriz A:\n",
      " [[ 3 -2  1 -1]\n",
      " [ 1  3  0  2]\n",
      " [ 5  0  2  0]\n",
      " [ 1  5  0  3]]\n",
      "\n",
      "Verificação A = U * Sigma * V.T:\n",
      " [[ 3.0000e+00 -2.0000e+00  1.0000e+00 -1.0000e+00]\n",
      " [ 1.0000e+00  3.0000e+00 -2.5691e-05  2.0000e+00]\n",
      " [ 5.0000e+00 -4.4876e-06  2.0000e+00 -7.7183e-06]\n",
      " [ 1.0000e+00  5.0000e+00 -4.1903e-05  3.0000e+00]]\n",
      "\n",
      "Verificação A = U * Sigma * V.T (numpy):\n",
      " [[ 3.0000e+00 -2.0000e+00  1.0000e+00 -1.0000e+00]\n",
      " [ 1.0000e+00  3.0000e+00  1.6935e-09  2.0000e+00]\n",
      " [ 5.0000e+00 -3.3173e-08  2.0000e+00 -1.8736e-08]\n",
      " [ 1.0000e+00  5.0000e+00  1.0439e-09  3.0000e+00]]\n"
     ]
    }
   ],
   "source": [
    "np.set_printoptions(precision=4)\n",
    "\n",
    "# Matriz 4x4\n",
    "A = np.array([[3,-2, 1,-1],\n",
    "              [1, 3, 0, 2],\n",
    "              [5, 0, 2, 0],\n",
    "              [1, 5, 0, 3]])\n",
    "\n",
    "print('\\nMatriz A:\\n', A)\n",
    "\n",
    "U, sigma, V_T = svd_decomposition(A)\n",
    "U_numpy, sigma_numpy_v, V_T_numpy = np.linalg.svd(A)\n",
    "\n",
    "sigma_numpy = np.zeros((len(A), len(A[0])), dtype=np.float32)\n",
    "for i in range(0, len(sigma_numpy_v)):\n",
    "    sigma_numpy[i,i] = sigma_numpy_v[i]\n",
    "\n",
    "print('\\nV.T:\\n', V_T)\n",
    "print('\\nV.T (numpy):\\n', V_T_numpy)\n",
    "\n",
    "print('\\nSigma:\\n', sigma)\n",
    "print('\\nSigma (numpy):\\n', sigma_numpy)\n",
    "\n",
    "print('\\nU:\\n', U)\n",
    "print('\\nU (numpy):\\n', U_numpy)\n",
    "\n",
    "print('\\nMatriz A:\\n', A)\n",
    "print('\\nVerificação A = U * Sigma * V.T:\\n', (U @ sigma @ V_T))\n",
    "print('\\nVerificação A = U * Sigma * V.T (numpy):\\n', (U_numpy @ sigma_numpy @ V_T_numpy))"
   ]
  },
  {
   "cell_type": "markdown",
   "id": "7cfa850a",
   "metadata": {},
   "source": [
    "### Teste com matriz n > m"
   ]
  },
  {
   "cell_type": "code",
   "execution_count": 7,
   "id": "a9e44f92",
   "metadata": {},
   "outputs": [
    {
     "name": "stdout",
     "output_type": "stream",
     "text": [
      "\n",
      "Matriz A:\n",
      " [[ 3 -2  1 -1]\n",
      " [ 1  3  0  2]\n",
      " [ 5  0  2  0]\n",
      " [ 1  5  0  3]\n",
      " [ 3  7  1  2]]\n",
      "\n",
      "V.T:\n",
      " [[-0.3557 -0.8552 -0.0967 -0.3644]\n",
      " [ 0.8636 -0.3162  0.3426 -0.1918]\n",
      " [ 0.1157 -0.4079 -0.1701  0.8895]\n",
      " [-0.3381 -0.0476  0.9189  0.1978]]\n",
      "\n",
      "V.T (numpy):\n",
      " [[-0.3555 -0.8553 -0.0966 -0.3645]\n",
      " [ 0.8637 -0.316   0.3427 -0.1917]\n",
      " [ 0.1157 -0.4079 -0.1701  0.8895]\n",
      " [ 0.3381  0.0476 -0.9189 -0.1978]]\n",
      "\n",
      "Sigma:\n",
      " [[10.6249  0.      0.      0.    ]\n",
      " [ 0.      6.4154  0.      0.    ]\n",
      " [ 0.      0.      1.3716  0.    ]\n",
      " [ 0.      0.      0.      0.2637]\n",
      " [ 0.      0.      0.      0.    ]]\n",
      "\n",
      "Sigma (numpy):\n",
      " [[10.625   0.      0.      0.    ]\n",
      " [ 0.      6.4154  0.      0.    ]\n",
      " [ 0.      0.      1.3716  0.    ]\n",
      " [ 0.      0.      0.      0.2637]\n",
      " [ 0.      0.      0.      0.    ]]\n",
      "\n",
      "U:\n",
      " [[ 0.0857  0.5857  0.0753 -0.7505 -0.2841]\n",
      " [-0.3435 -0.0731  0.4892 -0.3232  0.7296]\n",
      " [-0.1856  0.7799  0.1737  0.5589  0.1211]\n",
      " [-0.5388 -0.2015  0.5429  0.0659 -0.6087]\n",
      " [-0.7415  0.0524 -0.6558 -0.1247  0.041 ]]\n",
      "\n",
      "U (numpy):\n",
      " [[ 0.0858  0.5857  0.0753  0.7506  0.2839]\n",
      " [-0.3435 -0.0729  0.4892  0.3232 -0.73  ]\n",
      " [-0.1855  0.78    0.1737 -0.5588 -0.1217]\n",
      " [-0.5388 -0.2013  0.5429 -0.0659  0.6083]\n",
      " [-0.7415  0.0528 -0.6559  0.1248 -0.0406]]\n",
      "\n",
      "Matriz A:\n",
      " [[ 3 -2  1 -1]\n",
      " [ 1  3  0  2]\n",
      " [ 5  0  2  0]\n",
      " [ 1  5  0  3]\n",
      " [ 3  7  1  2]]\n",
      "\n",
      "Verificação A = U * Sigma * V.T:\n",
      " [[ 3.0000e+00 -1.9999e+00  9.9998e-01 -1.0000e+00]\n",
      " [ 9.9997e-01  2.9999e+00  9.1215e-06  2.0000e+00]\n",
      " [ 4.9999e+00  8.4604e-06  2.0000e+00 -3.8228e-05]\n",
      " [ 9.9997e-01  4.9999e+00  1.5766e-05  3.0000e+00]\n",
      " [ 3.0000e+00  6.9998e+00  1.0000e+00  1.9999e+00]]\n",
      "\n",
      "Verificação A = U * Sigma * V.T (numpy):\n",
      " [[ 3.0000e+00 -2.0000e+00  1.0000e+00 -1.0000e+00]\n",
      " [ 1.0000e+00  3.0000e+00  4.4153e-10  2.0000e+00]\n",
      " [ 5.0000e+00  3.0530e-09  2.0000e+00 -1.4519e-09]\n",
      " [ 1.0000e+00  5.0000e+00  2.5991e-09  3.0000e+00]\n",
      " [ 3.0000e+00  7.0000e+00  1.0000e+00  2.0000e+00]]\n"
     ]
    }
   ],
   "source": [
    "np.set_printoptions(precision=4)\n",
    "\n",
    "# Matriz 5x4\n",
    "A = np.array([[3,-2, 1,-1],\n",
    "              [1, 3, 0, 2],\n",
    "              [5, 0, 2, 0],\n",
    "              [1, 5, 0, 3],\n",
    "              [3, 7, 1, 2]])\n",
    "\n",
    "print('\\nMatriz A:\\n', A)\n",
    "\n",
    "U, sigma, V_T = svd_decomposition(A)\n",
    "U_numpy, sigma_numpy_v, V_T_numpy = np.linalg.svd(A)\n",
    "\n",
    "sigma_numpy = np.zeros((len(A), len(A[0])), dtype=np.float32)\n",
    "for i in range(0, len(sigma_numpy_v)):\n",
    "    sigma_numpy[i,i] = sigma_numpy_v[i]\n",
    "\n",
    "print('\\nV.T:\\n', V_T)\n",
    "print('\\nV.T (numpy):\\n', V_T_numpy)\n",
    "\n",
    "print('\\nSigma:\\n', sigma)\n",
    "print('\\nSigma (numpy):\\n', sigma_numpy)\n",
    "\n",
    "print('\\nU:\\n', U)\n",
    "print('\\nU (numpy):\\n', U_numpy)\n",
    "\n",
    "print('\\nMatriz A:\\n', A)\n",
    "print('\\nVerificação A = U * Sigma * V.T:\\n', (U @ sigma @ V_T))\n",
    "print('\\nVerificação A = U * Sigma * V.T (numpy):\\n', (U_numpy @ sigma_numpy @ V_T_numpy))"
   ]
  },
  {
   "cell_type": "code",
   "execution_count": null,
   "id": "84210aed",
   "metadata": {},
   "outputs": [],
   "source": []
  }
 ],
 "metadata": {
  "kernelspec": {
   "display_name": "Python 3 (ipykernel)",
   "language": "python",
   "name": "python3"
  },
  "language_info": {
   "codemirror_mode": {
    "name": "ipython",
    "version": 3
   },
   "file_extension": ".py",
   "mimetype": "text/x-python",
   "name": "python",
   "nbconvert_exporter": "python",
   "pygments_lexer": "ipython3",
   "version": "3.8.13"
  }
 },
 "nbformat": 4,
 "nbformat_minor": 5
}
